160
2 185 268
2 195 235
2 198 263
2 200 276
2 204 230
2 207 283
2 217 392
2 226 294
2 233 278
2 237 336
2 244 397
2 245 375
2 247 364
2 254 399
2 259 384
2 267 400
2 269 388
2 274 403
2 280 427
2 282 424
2 284 429
2 285 447
2 289 437
2 295 442
2 307 497
2 325 467
2 332 444
2 339 347
2 341 359
2 361 372
2 363 365
2 373 449
2 377 378
2 379 401
2 390 395
2 411 425
2 432 453
2 446 468
2 450 460
2 461 494
3 457 495 219
3 458 410 20
3 464 0 264
3 465 462 328
3 466 38 387
3 469 52 199
3 470 48 193
3 471 111 486
3 476 108 472
3 477 155 166
3 478 113 5
3 479 210 225
3 480 298 405
3 481 221 71
3 483 234 6
3 485 329 55
3 487 261 187
3 488 350 391
3 489 310 463
3 491 376 452
3 493 434 36
3 496 371 10
3 16 181 451
3 22 15 385
3 25 448 54
3 27 475 46
3 40 19 362
3 41 60 8
3 44 147 3
3 45 208 431
3 50 249 438
3 59 258 80
3 66 271 31
3 69 277 455
3 70 61 324
3 76 320 499
3 78 396 121
3 79 292 105
3 81 311 412
3 95 288 345
3 104 356 422
3 106 430 242
3 107 439 159
3 109 13 163
3 112 498 214
3 114 360 302
3 115 367 201
3 116 409 139
3 119 473 251
3 128 23 149
3 129 90 180
3 132 24 474
3 136 419 353
3 138 65 351
3 148 445 186
3 151 99 153
3 152 162 394
3 160 188 407
3 164 203 459
3 172 192 174
4 2 28 4 9
4 30 35 37 39
4 42 33 43 49
4 51 93 53 57
4 58 165 62 63
4 67 326 68 74
4 75 97 77 82
4 83 190 84 85
4 87 482 88 94
4 96 196 98 102
4 103 300 110 118
4 122 197 125 126
4 127 252 130 131
4 133 286 134 135
4 137 333 140 142
4 143 369 145 146
4 150 420 157 161
4 167 423 168 169
4 171 441 173 176
4 178 21 222 179
4 183 12 184 191
4 194 1 223 202
4 205 315 241 206
4 209 256 238 211
4 215 279 257 216
4 220 14 224 227
4 228 47 229 232
4 239 299 291 243
4 246 7 304 248
4 250 334 18 253
4 255 154 100 260
4 262 17 29 265
4 270 322 297 272
4 275 421 331 281
4 287 358 26 290
4 293 454 313 296
4 303 86 56 305
4 308 306 321 309
4 312 330 349 314
4 316 212 124 317
4 318 189 92 323
4 327 414 144 335
4 338 352 490 340
4 342 492 101 343
4 344 11 123 346
4 354 64 89 355
4 357 73 182 366
4 368 72 218 370
4 374 120 91 380
4 381 141 236 382
4 383 156 231 386
4 389 170 177 393
4 398 158 348 402
4 404 213 175 406
4 408 266 34 413
4 415 443 240 416
4 417 484 117 418
4 426 337 273 428
4 435 301 32 440
4 436 319 433 456
