1628
2 9335 3698
2 9497 4723
2 9683 4969
2 9688 5881
2 9756 5731
2 9790 6225
2 9924 7430
2 79 7581
2 90 9887
2 104 9892
2 166 76
2 560 153
2 647 860
2 758 477
2 852 1502
2 933 1590
2 1051 2137
2 1098 2164
2 1125 2215
2 1417 2669
2 1446 3396
2 1560 2304
2 1643 3509
2 1797 4047
2 1991 4298
2 2034 4811
2 2119 5212
2 2263 5951
2 2374 6357
2 2394 7176
2 2414 6922
2 2482 7666
2 2534 8398
2 2547 8571
2 2625 8629
2 2755 9274
2 2768 57
2 2816 9475
2 2880 346
2 3065 740
2 3231 2929
2 3304 3621
2 3351 3665
2 3421 4078
2 3726 4173
2 3920 4750
2 3998 4267
2 4162 5863
2 4168 4451
2 4295 5950
2 4366 6046
2 4472 6095
2 4476 6189
2 4485 6291
2 4587 6479
2 4652 6563
2 4805 6674
2 4836 7496
2 4970 7826
2 5031 9280
2 5089 293
2 5320 193
2 5445 395
2 5468 414
2 5506 649
2 5645 1369
2 5667 1549
2 5987 1586
2 6362 1953
2 6465 2019
2 6502 2232
2 6626 2358
2 6717 2432
2 6813 2527
2 6896 2629
2 7280 2898
2 7366 3233
2 7449 3246
2 7497 3581
2 7601 4155
2 7714 4245
2 7769 4246
2 7940 4279
2 8071 4554
2 8262 4679
2 8324 5161
2 8339 4922
2 8394 5829
2 8414 5146
2 8444 7036
2 8710 7713
2 8847 7906
2 8869 7951
2 8917 8212
2 8926 9337
2 9077 9524
2 9466 83
2 9630 949
2 9697 937
2 84 1276
2 474 1416
2 547 2799
2 599 3146
2 830 3449
2 879 3761
2 946 3902
2 951 4662
2 980 5026
2 1397 5346
2 1472 6104
2 1710 4249
2 1760 6210
2 1863 6544
2 1875 6740
2 1914 7024
2 1916 7252
2 2093 7565
2 2261 8206
2 2284 7804
2 2315 8456
2 2403 8821
2 2496 8986
2 2710 9065
2 2738 9830
2 2742 554
2 2926 868
2 2995 568
2 3098 1084
2 3166 1194
2 3183 1504
2 3548 1286
2 3601 1650
2 3609 2533
2 3631 2531
2 3661 2634
2 3706 2824
2 3767 2751
2 3886 3161
2 3900 3482
2 3967 3504
2 3989 3261
2 4049 3838
2 4073 4030
2 4118 4311
2 4261 4314
2 4385 4747
2 4626 5895
2 4719 9157
2 4751 6244
2 4776 7194
2 4974 9313
2 5226 9234
2 5326 9526
2 5459 16
2 5623 23
2 5932 444
2 5955 1793
2 5975 1516
2 6214 2529
2 6287 2668
2 6292 3263
2 6883 3431
2 6997 3748
2 7191 3773
2 7234 3806
2 7468 4653
2 7519 4856
2 7537 4537
2 7563 5387
2 7685 5200
2 7846 5714
2 7860 6270
2 7947 7197
2 8126 7236
2 8178 6630
2 8358 7653
2 8369 7743
2 8386 7813
2 8885 8229
2 9034 8675
2 9071 9105
2 9103 8498
2 9657 9294
2 9760 9543
2 9801 982
2 29 1031
2 100 1032
2 113 1250
2 231 1118
2 351 1514
2 445 1527
2 490 1532
2 501 2303
2 580 2047
2 584 3174
2 692 3332
2 710 3911
2 751 4176
2 790 3930
2 1204 4328
2 1246 4398
2 1272 4501
2 1657 4767
2 1894 5401
2 1997 5672
2 2041 6294
2 2113 6258
2 2114 6664
2 2189 7018
2 2256 7490
2 2438 7963
2 2576 8277
2 2616 8440
2 3040 8965
2 3113 9333
2 3140 9458
2 3163 9488
2 3429 9496
2 3468 9635
2 3592 9692
2 3650 9810
2 3982 675
2 4210 1201
2 4225 1296
2 4268 1452
2 4324 1891
2 4336 1986
2 4481 2442
2 4779 3316
2 4784 4578
2 4947 4001
2 5433 4623
2 5564 4892
2 5687 4841
2 5711 4914
2 5716 5237
2 5775 6245
2 5784 6828
2 5827 6612
2 6299 6920
2 6317 7150
2 6335 7559
2 6346 8642
2 6424 8201
2 6437 8355
2 6464 8952
2 6486 9551
2 6568 9680
2 6861 9958
2 6926 499
2 6951 1027
2 6995 1606
2 7188 1618
2 7354 2143
2 7598 2264
2 7707 2422
2 7747 2671
2 7912 2712
2 8051 3125
2 8057 3513
2 8182 3824
2 8317 3880
2 8448 4713
2 8460 4935
2 8488 5059
2 8531 5175
2 8656 5199
2 8704 5834
2 8799 5373
2 8841 5980
2 8909 6430
2 8920 6494
2 9001 6510
2 9167 6569
2 9268 6744
2 9277 6693
2 9373 6822
2 9676 6852
2 9739 6962
2 9915 8289
2 9937 8179
2 9938 8654
2 46 8727
2 212 9085
2 243 8729
2 460 9251
2 664 9711
2 787 9260
2 905 225
2 1034 365
2 1175 459
2 1419 858
2 1600 3099
2 1659 3407
2 1697 3747
2 1779 4144
2 1784 4164
2 2434 4447
2 2441 4605
2 2487 4775
2 2493 4898
2 2501 5043
2 2539 5641
2 2559 5769
2 2639 6093
2 2682 7622
2 3805 7761
2 3814 8067
2 4061 8177
2 4071 8918
2 4190 9002
2 4204 9858
2 4278 9022
2 4362 9149
2 4772 30
2 4785 2328
2 4824 115
2 5154 3147
2 5425 3570
2 5490 4095
2 5656 4407
2 5707 5097
2 5988 5400
2 6047 7237
2 6333 6604
2 6385 7957
2 6394 7418
2 6601 8235
2 6657 7828
2 6893 8593
2 7004 8897
2 7012 8808
2 7056 9272
2 7141 8981
2 7181 123
2 7205 9655
2 7297 185
2 7331 1806
2 7472 1058
2 7482 1898
2 7506 1951
2 7560 2335
2 7612 2402
2 7767 3274
2 7904 4562
2 7926 6118
2 7952 3547
2 8072 6130
2 8149 6846
2 8341 6600
2 8476 7600
2 8480 7849
2 9110 8567
2 9315 8382
2 9378 9181
2 9515 9611
2 9654 94
2 9757 9624
2 9845 9985
2 9919 576
2 334 1110
2 354 1132
2 416 1865
2 705 1669
2 731 1978
2 813 2235
2 853 2570
2 873 2946
2 925 4156
2 1193 3355
2 1362 4482
2 1390 4558
2 1449 5098
2 1482 5471
2 1702 5831
2 1715 6002
2 1746 6126
2 1780 6323
2 1791 6398
2 1823 6590
2 1927 6727
2 2177 6766
2 2429 6851
2 2430 7048
2 2494 7190
2 2708 7721
2 2761 8108
2 2830 8472
2 2833 8756
2 2867 8978
2 3005 9073
2 3013 1639
2 4083 2046
2 4101 2205
2 4282 2220
2 4391 2240
2 4448 2466
2 4765 4197
2 4803 4325
2 4984 4546
2 5065 4694
2 5087 4840
2 5283 5077
2 5392 5442
2 5484 6078
2 5525 6472
2 5541 6090
2 5659 6669
2 5708 6899
2 5743 6993
2 5821 7085
2 5927 7127
2 6140 7247
2 6218 7273
2 6349 7315
2 6532 7616
2 6587 7665
2 6847 7868
2 6889 7899
2 7006 8340
2 7126 8388
2 7269 8393
2 7277 8806
2 7294 9771
2 7355 8753
2 7520 9927
2 7691 473
2 8018 896
2 8042 1754
2 8060 1288
2 8066 1835
2 8175 2591
2 8208 2333
2 8281 2582
2 8288 3078
2 8349 3587
2 8357 3615
2 8690 3883
2 8718 4804
2 9033 4489
2 9133 5019
2 9163 5041
2 9358 5944
2 9705 5812
2 9956 5505
2 345 6223
2 366 6304
2 592 6711
2 685 7634
2 732 6524
2 755 7693
2 941 7329
2 1007 7805
2 1281 8372
2 1293 8129
2 1356 8572
2 1660 8734
2 1759 9745
2 1798 9613
2 2073 9859
2 2182 160
2 2615 9338
2 2648 516
2 2737 899
2 2787 1266
2 2896 1848
2 2958 2105
2 2960 1271
2 3034 1774
2 3238 2216
2 3317 2294
2 3397 2911
2 3465 4564
2 3514 3506
2 3653 5323
2 3764 6774
2 4129 7460
2 4382 8640
2 4431 22
2 4615 143
2 4647 101
2 4778 419
2 4800 1212
2 4878 1192
2 5144 1137
2 5402 1313
2 5438 1849
2 5520 2234
2 5524 2549
2 5647 2730
2 5669 3265
2 6115 3324
2 6172 5189
2 6298 3664
2 6376 3878
2 6439 3884
2 6489 4172
2 6575 5140
2 6589 5460
2 6598 5613
2 6779 5621
2 6816 5702
2 6884 5800
2 6911 6356
3 7503 8035 2854
3 8024 9530 3558
3 8041 9761 9376
3 8157 540 6155
3 8188 2020 3924
3 8255 4875 4656
3 8428 4703 5644
3 8764 7406 5044
3 8953 648 4926
3 9012 1282 4716
3 9040 4066 4363
3 9112 4381 5235
3 9147 5794 3839
3 9351 6557 1440
3 9412 2254 8423
3 9455 2565 6326
3 9480 2887 6827
3 9640 3654 3945
3 9666 3802 7526
3 9808 4187 2461
3 9878 4506 9523
3 9916 5035 898
3 9949 7090 8176
3 9979 7662 9976
3 9980 7841 4089
3 259 8123 1598
3 344 9896 3498
3 495 1023 9650
3 506 1595 5020
3 625 2400 9016
3 779 3531 7594
3 1017 3553 6794
3 1169 4771 9922
3 1379 4904 3567
3 1428 5671 8241
3 1434 6365 7003
3 1455 6733 5530
3 1769 7074 4410
3 1844 2806 4064
3 2145 5916 358
3 2366 6366 5389
3 2637 534 6380
3 2735 6976 4773
3 2753 7382 2320
3 3032 7733 2006
3 3056 1339 7374
3 3148 1467 7356
3 3319 1406 8333
3 3430 2081 4559
3 3490 2457 5355
3 3699 3422 9453
3 3826 5474 7432
3 3957 6289 7037
3 3960 6673 3906
3 4015 1332 1723
3 4024 1533 4412
3 4051 6436 210
3 4081 5205 7683
3 4152 9220 960
3 4181 8597 8432
3 4199 9368 5898
3 4253 404 6800
3 4342 147 3760
3 4350 2375 1471
3 4396 2783 6076
3 4606 4879 5336
3 4872 7914 9848
3 4897 9456 6778
3 4941 6988 8861
3 5033 9988 4478
3 5050 489 3323
3 5405 622 1584
3 5650 33 2381
3 5893 689 4720
3 5984 1422 1609
3 6004 2907 8019
3 6241 4495 6857
3 6820 146 5633
3 6872 6361 7419
3 6970 909 5551
3 7053 3718 5457
3 7244 4375 5489
3 7317 5178 6490
3 7328 6514 6528
3 7456 7821 8889
3 8048 8376 4639
3 8279 8938 8894
3 8467 8715 3145
3 8483 9468 2389
3 8693 9879 5086
3 8782 2462 3244
3 8887 3704 7310
3 8892 4011 7534
3 8905 4766 8150
3 9053 7426 2874
3 9396 7768 8898
3 9509 7785 8648
3 9783 7818 7943
3 9940 8153 7230
3 36 9043 3582
3 125 737 2260
3 971 1021 4452
3 981 2401 150
3 1019 2398 9703
3 1089 3617 5869
3 1144 6784 9192
3 1314 5856 7249
3 1325 9561 396
3 1456 7530 6340
3 1458 8043 7175
3 1730 9684 3595
3 1785 9361 1930
3 1855 9726 8845
3 2069 1529 8823
3 2302 3882 1512
3 2445 3914 2129
3 2491 6016 7592
3 2644 9072 39
3 2679 1922 5467
3 2780 3153 3983
3 2844 3352 9631
3 2865 3299 6208
3 2869 3559 6585
3 2923 4057 8425
3 3093 4026 3966
3 3151 4953 8299
3 3388 5776 635
3 3404 5901 7917
3 3556 6870 7990
3 3589 8954 1952
3 3627 198 3749
3 3701 835 5085
3 3711 5255 9122
3 3921 3371 5380
3 3979 5865 6466
3 4125 5461 8746
3 4166 5920 8679
3 4304 6202 9143
3 4364 7013 804
3 4454 8325 1090
3 4471 9222 4467
3 4590 9971 2191
3 4654 1886 3188
3 4799 3985 7116
3 4905 4202 4907
3 5109 4823 32
3 5230 5522 6834
3 5354 5832 2134
3 5374 7454 7956
3 5390 7770 5556
3 5565 8712 5531
3 5571 9429 4704
3 5654 512 1507
3 5673 359 9802
3 5735 947 9734
3 5976 3075 9549
3 6061 3339 7480
3 6067 5724 3136
3 6194 6649 7689
3 6386 7010 8682
3 6422 7596 4640
3 6588 7966 8238
3 6758 9062 9221
3 6793 711 45
3 6802 9667 3428
3 7304 3129 9091
3 7722 1822 4124
3 7754 3564 5615
3 7784 9606 149
3 7816 6724 2277
3 7837 9828 170
3 8243 9183 4887
3 8301 678 2924
3 8515 1347 6421
3 8622 1761 2148
3 8706 3011 4208
3 8843 3811 6184
3 8949 4016 6700
3 9109 5896 7221
3 9191 5908 8276
3 9279 7220 1100
3 9310 7809 3322
3 9422 8519 9868
3 9442 300 3641
3 9452 1256 2707
3 9510 2167 3991
3 9541 2343 6574
3 9731 5756 7970
3 9758 6243 5047
3 9809 6705 8196
3 9997 6873 7876
3 276 7186 7731
3 339 9173 1382
3 518 313 6203
3 702 0 6811
3 718 849 2024
3 747 4465 6160
3 841 3694 8263
3 897 4514 3121
3 994 5451 5939
3 1048 5566 8632
3 1067 5584 6446
3 1255 6264 7964
3 1365 9096 6248
3 1721 471 3020
3 1913 611 2467
3 1926 2198 2278
3 2037 3724 5954
3 2040 5164 5166
3 2078 6637 8562
3 2090 8264 2672
3 2130 9459 9299
3 2276 9573 9752
3 2458 1908 4335
3 2667 1047 4708
3 2670 2495 5277
3 2714 4949 6553
3 2815 6659 9978
3 2851 6681 4659
3 2938 6903 1174
3 2965 7984 8752
3 2973 8027 8517
3 2984 8908 9996
3 3160 1044 1157
3 3190 1199 7975
3 3200 2983 5657
3 3236 6015 6596
3 3359 6522 9987
3 3462 6726 2367
3 3709 6942 7386
3 3713 7424 8133
3 3779 9583 1179
3 4068 9891 3818
3 4201 1569 5240
3 4303 1181 4215
3 4338 2875 8801
3 4348 6648 1106
3 4499 3681 4992
3 4597 5040 1593
3 4673 4340 433
3 4745 5860 5947
3 4869 7425 708
3 4927 8711 1411
3 5143 9068 3226
3 5344 9210 3203
3 5348 9328 5449
3 5695 2337 3127
3 5704 3412 5763
3 5871 541 5362
3 5930 4511 3517
3 6013 5721 7727
3 6071 6017 1381
3 6091 6112 7509
3 6092 7384 9038
3 6204 9633 6719
3 6207 562 1668
3 6322 2062 3894
3 6608 4790 5173
3 6667 5836 7521
3 6732 6022 514
3 6877 8143 9721
3 7027 8222 2506
3 7070 9836 8696
3 7084 2702 4419
3 7242 825 6478
3 7411 1840 7500
3 7538 1616 4286
3 7609 3031 6351
3 7630 3563 4456
3 7701 5813 8160
3 7762 5536 355
3 7765 6246 8667
3 8184 8210 8202
3 8315 204 2025
3 8385 2296 5730
3 8427 2601 2120
3 8627 4206 8413
3 8705 4052 8863
3 8769 5157 3105
3 8943 7555 968
3 8973 5496 8828
3 9049 9486 8336
3 9058 8864 6492
3 9064 608 2329
3 9288 889 1400
3 9402 1751 465
3 9472 1768 6280
3 9518 4359 2954
3 9827 4958 8810
3 9831 6713 8031
3 9897 7877 4742
3 9925 8139 5198
3 109 70 5872
3 330 1012 2159
3 387 1409 240
3 397 1535 4228
3 426 3330 6864
3 454 2437 234
3 479 3596 4188
3 497 4092 8006
3 665 6051 4943
3 707 6275 131
3 721 7751 955
3 843 8876 9920
3 1028 8977 1321
3 1126 9935 3004
3 1215 530 4858
3 1239 919 3809
3 1394 9995 7397
3 1425 1843 7633
3 1520 2033 3235
3 1674 3972 8215
3 1896 2578 8919
3 2004 3657 430
3 2015 4801 9198
3 2031 6263 2746
3 2032 5368 1640
3 2053 6960 8089
3 2158 9269 5751
3 2187 9418 9187
3 2197 270 3311
3 2338 431 1062
3 2446 456 7729
3 2524 3926 7614
3 2613 4000 9028
3 2654 5082 9519
3 2675 5606 372
3 2777 6576 3939
3 2791 7924 9716
3 2822 8454 2604
3 2914 9600 1750
3 3036 500 1939
3 3071 9768 2661
3 3103 97 6008
3 3162 620 5208
3 3456 1330 7995
3 3520 978 9699
3 3659 2193 4796
3 3723 2762 2072
3 3872 2786 2977
3 3946 2949 4046
3 3974 6097 9332
3 3999 6698 6161
3 4003 6964 9584
3 4250 8137 1980
3 4395 9201 673
3 4420 9446 8401
3 4460 9767 3956
3 4586 136 4534
3 4862 439 7170
3 5103 1036 1259
3 5288 1744 7663
3 5434 2632 4798
3 5605 4301 6003
3 5679 5191 8447
3 5737 5986 6890
3 5738 6761 9656
3 5780 9431 885
3 5843 9086 1318
3 5846 1475 5482
3 5855 9538 1519
3 5858 1796 2772
3 6164 2514 3212
3 6515 2102 1649
3 6729 2694 183
3 6768 2713 8435
3 6954 3590 6835
3 7073 4221 4942
3 7193 5245 1961
3 7325 6565 7991
3 7619 6844 8180
3 7720 6824 8252
3 7763 7407 8822
3 7930 7457 956
3 7976 9398 8568
3 8025 2074 3280
3 8033 9944 7895
3 8285 24 3060
3 8402 2399 2595
3 8544 3370 3344
3 8664 6137 6352
3 8723 4104 1694
3 8937 8326 4777
3 9170 8383 37
3 9476 9413 5752
3 9707 86 6450
3 9753 1279 4238
3 286 2207 2891
3 488 3793 9083
3 535 4635 5666
3 543 4387 1546
3 861 4502 5732
3 913 6121 6197
3 1069 6463 5994
3 1232 6809 9855
3 1312 6887 2881
3 1486 7674 4783
3 1637 7800 8037
3 1680 7881 4839
3 1900 8859 1983
3 2099 9075 756
3 2350 457 458
3 2387 2953 3822
3 2542 2297 1538
3 2606 6302 7461
3 2855 7471 4358
3 2868 7554 4248
3 2893 7586 3543
3 2894 9036 6963
3 2992 487 8900
3 3067 602 9009
3 3143 1755 3364
3 3180 4400 6959
3 3232 4595 6972
3 3264 5168 7357
3 3342 7320 3951
3 3733 7362 2144
3 3740 5897 335
3 3770 7410 2608
3 4067 7724 4434
3 4302 7812 4596
3 4378 8314 3052
3 4624 8815 2596
3 4730 2149 9137
3 4744 2210 4399
3 4831 2903 6915
3 4849 3141 2785
3 5071 4116 7206
3 5114 5024 6311
3 5204 7094 9094
3 5248 6471 4339
3 5307 7387 801
3 5334 8093 392
3 5372 8353 9035
3 5500 8766 1371
3 5507 8930 9047
3 5572 462 9578
3 5761 221 2028
3 5805 1536 9564
3 6041 2610 2741
3 6555 2956 3347
3 6863 3021 4504
3 6879 3875 6353
3 6895 6332 2837
3 6908 6506 5066
3 7285 8486 1161
3 7428 9838 4069
3 7505 9215 3789
3 7562 9114 2892
3 7572 40 9659
3 7582 1678 5233
3 7687 1688 6127
3 7867 2859 31
3 8125 4994 802
3 8234 3651 6818
3 8295 5628 4982
3 8352 6448 2469
3 8378 6925 4877
3 8484 7078 725
3 8580 7602 6175
3 8790 7850 168
3 8921 7889 2059
3 9389 2412 3887
3 9461 1453 9709
3 9531 4736 8663
3 9598 5181 1009
3 9653 6148 840
3 317 6232 9820
3 442 502 2307
3 548 739 7632
3 661 842 4291
3 679 1426 4097
3 694 1778 6229
3 969 2683 5106
3 1121 2685 7959
3 1242 4688 5125
3 1630 6328 8028
3 1816 6944 9394
3 1906 7557 8543
3 1921 7694 8438
3 2027 7859 78
3 2135 9651 152
3 2321 8737 3318
3 2322 9993 325
3 2440 343 615
3 2478 393 511
3 2497 402 3012
3 3010 639 644
3 3139 1220 5817
3 3182 1959 8022
3 3433 2169 3841
3 3604 2101 4549
3 3725 4488 5631
3 3986 5128 8576
3 4021 6725 9595
3 4029 6699 9678
3 4383 7960 9540
3 4401 8426 229
3 4585 9015 7971
3 4815 9223 5959
3 4908 613 7395
3 4909 1043 793
3 5301 1869 2950
3 5318 4567 4689
3 5408 4787 9489
3 5502 5558 4099
3 5567 5719 34
3 6001 6473 5882
3 6032 68 4031
3 6165 7742 5676
3 6211 8804 1080
3 6238 848 5190
3 6397 5422 3679
3 6449 2388 8643
3 6786 6034 8950
3 6978 7423 1377
3 7044 7803 2472
3 7161 8256 3743
3 7199 9227 1807
3 7282 953 1979
3 7435 726 4826
3 7437 2242 640
3 7806 1165 6315
3 7874 3123 3555
3 7974 3903 7314
3 8088 4855 9957
3 8216 4880 6746
3 8482 6952 8097
3 8489 7532 413
3 8589 7631 7132
3 8621 7697 13
3 8630 7994 305
3 8674 8903 252
3 8802 20 579
3 8884 467 5443
3 8976 1270 2002
3 9056 1167 5850
3 9202 1892 6452
3 9306 3515 6005
4 92 5357 5121 8148
4 350 6404 421 2589
4 420 5913 6255 8785
4 494 5583 3629 6584
4 701 9906 7710 5231
4 722 1737 7529 4386
4 770 3987 8197 2094
4 783 5796 9487 1756
4 817 6735 8754 2584
4 1244 998 2395 2861
4 1262 6655 59 7923
4 1300 6312 7444 8873
4 1363 7569 7704 6632
4 1367 5515 9612 7262
4 1387 8452 7796 5905
4 1432 2489 398 8407
4 1566 820 604 1248
4 1577 1729 9004 6459
4 1736 7549 7064 9529
4 1790 4848 8733 8189
4 1842 5886 8437 9354
4 2014 8603 5744 4449
4 2048 6839 1524 6823
4 2063 9213 4318 4100
4 2217 4574 8479 9483
4 2247 3904 9620 3626
4 2258 4233 7108 6476
4 2273 5416 1287 4004
4 2404 2545 9383 5427
4 2593 3697 973 7792
4 2609 1396 2155 4041
4 2684 9131 847 2061
4 2971 370 9247 9618
4 2975 3015 4644 4863
4 2989 6668 7168 44
4 3130 3135 4631 2843
4 3206 2222 2687 5363
4 3277 1492 2752 7100
4 3285 5570 453 1561
4 3288 2117 8775 3273
4 3378 8284 461 8004
4 3460 3505 4036 1385
4 3551 9765 1423 5616
4 3720 3295 8287 2932
4 3800 6640 3715 5918
4 3850 8854 9813 4695
4 3959 8591 2345 2935
4 3962 2096 6639 5001
4 4264 674 3420 7936
4 4265 1556 5090 2331
4 4347 666 3825 2598
4 4459 5251 5592 9959
4 4543 6762 4147 8689
4 4603 1677 5989 6196
4 4722 1081 6756 8384
4 4748 1114 864 4473
4 4934 8119 1388 7369
4 5000 7525 9888 5211
4 5004 9818 948 6613
4 5112 683 4106 5526
4 5139 3942 8320 936
4 5270 8911 8585 132
4 5291 4194 5052 7819
4 5385 5083 3149 9128
4 5630 2459 4670 8777
4 5762 2819 2246 9256
4 6271 7515 7577 876
4 6276 2968 7863 3484
4 6399 962 8240 7290
4 6552 8814 8837 7368
4 6712 2723 7939 7950
4 6775 752 110 8641
4 6795 3457 2728 8636
4 6874 8991 7208 2212
4 6906 8392 4808 1101
4 6987 3176 684 2196
4 7039 371 9614 714
4 7144 7101 9267 5791
4 7169 281 63 2064
4 7189 2499 3656 6240
4 7291 5602 7259 3678
4 7446 2475 9019 5651
4 7469 4090 9894 1491
4 7552 4916 3024 3765
4 7641 1013 839 7945
4 7708 7834 4405 2548
4 7774 5048 1071 7198
4 7810 6170 4685 7937
4 7908 4961 1115 6677
4 8005 1004 1233 9986
4 8069 5945 9965 2124
4 8169 3302 4579 5042
4 8218 3272 3647 7135
4 8225 3795 2008 7104
4 8350 8152 1707 336
4 8362 384 7927 854
4 8404 2141 6782 9295
4 8457 1734 5101 5773
4 8490 4702 7409 4430
4 8492 2070 2115 7313
4 8538 6495 1164 2080
4 8575 8058 2922 1341
4 8619 1214 7896 5653
4 8680 4957 4917 7201
4 8691 5046 7961 7540
4 8795 443 4788 9568
4 8916 2558 6702 8063
4 8971 5214 6381 4964
4 9061 8639 3499 7202
4 9093 7825 4886 1146
4 9420 49 4983 5982
4 9441 976 6176 6107
4 9467 1830 3463 4509
4 9494 9307 82 818
4 9517 3792 8612 3047
4 9581 5295 3566 3096
4 9738 5772 2274 4135
4 9780 7595 3607 9305
4 9824 7757 5713 3940
4 9918 4874 6252 7516
4 35 2727 2964 1353
4 102 2228 887 3309
4 205 8338 3228 1851
4 246 3896 636 1210
4 375 7136 4406 7305
4 551 4322 6550 4940
4 663 8485 8608 9527
4 857 5310 8322 7543
4 882 3293 4925 9433
4 929 4240 1203 9129
4 944 6168 9866 6935
4 1011 71 1988 1671
4 1072 8745 5625 9795
4 1257 7551 7 47
4 1280 1955 7145 1812
4 1309 4185 4131 7326
4 1370 8116 4141 3142
4 1573 5383 2259 5219
4 1651 3437 3114 594
4 1739 7579 8465 2456
4 1771 1322 1450 4235
4 1879 4167 7359 5873
4 1910 8851 4637 3042
4 2151 9552 1094 7231
4 2223 9 3686 766
4 2287 1713 9539 7583
4 2290 1742 2686 7715
4 2341 4655 4561 1934
4 2465 5006 4074 9690
4 2618 5652 532 5494
4 2655 2962 3072 6129
4 2677 9525 2759 7447
4 2719 3844 727 1050
4 2943 4657 6957 4112
4 2986 8803 9263 2481
4 3185 8553 723 4102
4 3230 4847 3196 1895
4 3252 7083 62 4475
4 3282 3357 2736 9235
4 3294 8250 1946 8736
4 3336 8387 7196 9532
4 3390 9917 213 859
4 3436 2982 2652 1591
4 3652 4374 7308 7088
4 3836 2293 954 3519
4 3858 8332 2726 4320
4 4017 7032 8375 4619
4 4072 7648 6611 2045
4 4207 8010 5163 6882
4 4275 9196 3337 7725
4 4276 6547 5777 8193
4 4432 9946 4076 2342
4 4462 9063 1418 3689
4 4497 1724 5904 9119
4 4687 2060 8767 6178
4 4853 850 992 1568
4 4889 9106 1433 4638
4 4903 2340 4402 3155
4 4921 5172 3672 5686
4 5016 2544 9966 6534
4 5116 8644 586 4995
4 5119 4912 2642 3257
4 5165 4490 5729 7851
4 5243 1621 6558 7494
4 5258 3170 8626 9344
4 5312 9747 2085 9576
4 5381 2749 120 8601
4 5414 3648 6913 8397
4 5475 3775 2828 7545
4 5626 201 3542 3781
4 5759 3757 8478 1763
4 5933 6038 5931 3593
4 6084 7451 4139 2628
4 6116 7643 774 3112
4 6138 6571 7464 4550
4 6221 6567 9542 328
4 6267 7148 403 7814
4 6327 8138 8186 9713
4 6383 3889 2870 2308
4 6408 5156 2323 6927
4 6433 676 4058 2862
4 6469 4150 9302 8267
4 6594 4244 2213 3376
4 6736 6134 2795 8865
4 6867 3475 7862 6537
4 6898 18 4959 8187
4 6936 2300 58 8233
4 7054 8997 5081 8115
4 7082 9151 7079 8242
4 7114 9275 8259 3869
4 7226 6467 2814 8506
4 7312 9559 7445 4390
4 7680 1383 4044 3708
4 7790 2036 8849 5366
4 8046 7316 6171 5845
4 8074 9900 9320 9528
4 8092 3451 8616 3583
4 8102 3840 3842 2305
4 8120 4480 7166 1839
4 8207 1711 6147 5609
4 8249 7703 2123 2160
4 8403 446 5096 8079
4 8787 778 1160 7673
4 8800 9243 4837 1049
4 8910 9873 245 2243
4 8989 11 9605 3913
4 8993 1936 2313 3526
4 9067 2267 7267 654
4 9300 5540 8094 3126
4 9417 1136 1509 4284
4 9428 8101 8167 7944
4 9454 333 6123 8286
4 9460 8430 6359 1552
4 9481 2023 5854 7008
4 9567 6050 9921 5136
4 9725 5359 7953 9289
4 9850 9514 9374 7726
4 9953 2985 8509 3950
4 15 5324 7385 2282
4 73 687 6300 5209
4 155 2944 4902 6777
4 320 4551 6580 2535
4 539 8036 7466 1231
4 588 373 65 4498
4 655 706 2817 5665
4 914 2920 2674 3106
4 932 1767 3745 1845
4 1014 6842 3632 2203
4 1251 7522 8367 3618
4 1342 9784 3899 177
4 1360 6481 9722 9340
4 1380 1427 4690 8348
4 1398 3253 7026 463
4 1420 7922 2994 1096
4 1500 6060 9856 8563
4 1603 2718 9283 6989
4 1719 5600 9942 8834
4 2005 6985 9649 4516
4 2111 8701 7756 4151
4 2317 7700 9732 8721
4 2369 593 9691 9111
4 2413 3002 7212 1359
4 2588 5622 780 6638
4 2641 8026 7920 2572
4 2643 3083 6582 8346
4 2764 4965 6313 2941
4 2853 5919 1336 1085
4 2904 7050 3229 2619
4 2991 1996 8253 2364
4 3380 8047 1817 9778
4 3406 8697 7209 1357
4 3441 6329 745 9366
4 3461 9252 717 3368
4 3545 522 1372 9443
4 3550 2571 2112 2647
4 3576 3485 8839 1861
4 3766 4137 4582 9123
4 3778 4951 9751 3356
4 3831 5962 565 9779
4 3955 103 6602 251
4 4241 2009 6316 6426
4 4493 2802 67 2351
4 4601 6363 4351 7629
4 5062 709 8811 2905
4 5186 4352 5492 2095
4 5319 6477 9365 1202
4 5477 8477 4477 257
4 5587 5891 7119 7981
4 5590 5909 3089 9154
4 5620 3443 9325 6994
4 5629 8199 6 645
4 6139 1340 4259 2536
4 6159 5793 3214 2162
4 6325 9124 214 1976
4 6418 171 7671 4293
4 6431 8614 8751 7911
4 6475 332 5593 9629
4 6696 1510 1787 7489
4 6722 3379 3496 5733
4 6980 4884 60 750
4 7021 6415 7330 5149
4 7034 9585 1701 9806
4 7133 1344 6914 9546
4 7338 4134 8200 5239
4 7448 4357 9511 3062
4 7452 8947 877 9930
4 7589 3308 8163 9968
4 7650 188 6666 5544
4 7941 1001 8923 2957
4 8050 1820 1717 8501
4 8096 4557 9974 3750
4 8191 4867 8529 7391
4 8192 9363 8835 1740
4 8280 5330 8003 4222
4 8514 1975 2776 8779
4 8520 5236 7057 8658
4 8825 5244 9545 7613
4 8840 5518 4727 5970
4 8914 6956 6297 1800
4 9116 7934 5332 7439
4 9125 4711 1249 8040
4 9169 1505 1364 791
4 9287 5991 296 6188
4 9308 6342 2575 1351
4 9353 321 7677 8431
4 9381 1564 4977 7153
4 9388 8651 8168 9166
4 9607 924 1883 8915
4 9923 3730 4696 9419
4 9998 4331 1965 1747
4 99 7415 2245 5529
4 429 3120 8990 7344
4 440 4572 9962 1743
4 563 5758 3473 7699
4 743 7210 5808 4717
4 1112 1522 9550 4161
4 1245 7647 5683 2509
4 1247 9426 9271 6273
4 1463 3579 1061 8866
4 1468 4415 9341 8579
4 1493 5028 5131 8449
4 1641 5488 6738 7250
4 1792 5835 8056 2043
4 1795 96 6616 902
4 1828 7972 3087 55
4 2017 767 6627 9397
4 2455 1714 6419 5728
4 2507 2265 1673 5074
4 2519 2573 301 6309
4 2581 3655 797 1200
4 2638 6042 8418 7824
4 2945 9569 5155 8470
4 3081 264 3845 385
4 3197 631 6742 9626
4 3377 1523 3306 197
4 3384 3830 5720 8607
4 3387 2952 8548 3223
4 3533 6144 1178 3137
4 3535 773 1508 9797
4 3571 1889 8625 3834
4 3603 1636 6226 3167
4 3682 4870 4960 9048
4 3742 7524 2809 6410
4 3931 9566 6336 8487
4 4008 9853 7567 1810
4 4084 5553 7748 7436
4 4114 2089 8659 2055
4 4536 407 9572 8702
4 4541 4367 6377 7155
4 4576 3978 9250 9718
4 4589 8132 1476 5864
4 4593 3905 3791 8940
4 4743 4600 2612 4079
4 4968 5375 1948 8183
4 4998 6192 4861 1998
4 5202 730 3673 4649
4 5221 3557 3271 5610
4 5228 278 3870 4043
4 5440 1228 6769 6384
4 5552 2486 9689 9265
4 5618 4524 9952 8671
4 5634 875 3001 1912
4 5857 4200 2353 9871
4 5999 6058 3857 3944
4 6043 283 6198 3
4 6103 5308 9843 8707
4 6236 6028 9746 85
4 6360 6747 5170 7302
4 6503 1429 3367 3997
4 6710 5476 8677 5203
4 6878 7253 8172 1853
4 6991 1483 2912 3278
4 7035 6662 9507 6146
4 7113 6010 7412 6320
4 7182 9078 7443 7118
4 7323 1140 8453 8204
4 7348 432 4532 5849
4 7450 2000 9755 3028
4 7597 8297 4706 8442
4 7705 263 6981 3885
4 7811 836 1040 1378
4 7933 884 4179 9695
4 8029 915 6012 7880
4 8054 1587 6578 1720
4 8121 4527 8683 3022
4 8512 2927 4607 3518
4 8666 4469 995 4617
4 8765 5207 7617 8932
4 8959 6483 1708 7095
4 9127 7103 6110 1821
4 9228 513 634 6498
4 9290 3728 8964 7696
4 9704 5803 7978 8929
4 9740 8670 3508 5174
4 9898 464 7319 7861
4 9939 1224 4883 3877
4 52 2585 7603 6757
4 116 7618 6370 7296
4 135 1037 1542 3561
4 266 1253 1526 7536
4 368 2877 9359 4307
4 470 4474 8750 4871
4 524 4565 3736 7759
4 528 8722 8895 1116
4 569 1073 1681 137
4 680 3037 5197 559
4 713 6444 1484 1684
4 927 9908 1154 1923
4 1025 1117 1152 4038
4 1104 2939 3362 2488
4 1108 3248 4521 8692
4 1123 3375 8328 4439
4 1236 5785 7870 8637
4 1274 4786 6367 7178
4 1343 9464 5902 8956
4 1457 2627 2937 5462
4 1662 8524 520 5278
4 1748 9599 8874 3544
4 1752 1571 1833 5705
4 1757 3892 3853 6938
4 1776 4361 2592 3511
4 1893 4292 4975 6296
4 1938 2798 916 7678
4 1940 9880 8466 7463
4 1950 5823 7041 56
4 2132 9197 3107 1712
4 2286 7823 5547 1361
4 2640 1261 6656 8516
4 2721 3055 5341 3769
4 2778 5839 1726 6231
4 2832 9769 172 7215
4 2871 9849 4668 2600
4 3198 17 4946 2566
4 3435 174 2185 9350
4 3525 970 9907 9014
4 3572 5941 8527 5250
4 3732 6220 5441 208
4 3751 6577 9984 9961
4 3755 6605 5378 1765
4 3876 6965 5548 688
4 4111 5998 6389 7255
4 4130 9425 5503 1234
4 4145 529 7238 451
4 4310 760 7130 9092
4 4418 846 2368 7624
4 4580 10 4604 1122
4 4680 145 3746 297
4 4686 3050 6856 5271
4 4749 7363 7740 2716
4 4759 6715 1430 5151
4 4812 738 3134 1601
4 5069 844 5563 7778
4 5394 1570 5649 5446
4 5403 2106 6583 9121
4 5597 3516 4663 4731
4 5684 3969 9741 6752
4 5818 8363 6540 9594
4 5878 8931 1487 6526
4 5937 525 912 7149
4 5971 923 6205 9168
4 6048 8714 4093 556
4 6086 1827 3540 139
4 6182 1197 2766 7218
4 6190 2165 9895 7499
4 6217 5118 5325 5579
4 6251 6266 926 6364
4 6295 9597 9161 2804
4 6303 164 6133 6396
4 6369 1963 2649 7558
4 6461 2407 5007 8044
4 6658 3104 2295 9450
4 6855 8239 4491 8081
4 7029 117 4627 9182
4 7203 2007 6451 8293
4 7379 2221 211 5574
4 7396 3258 1589 480
4 7575 4990 9214 8059
4 7738 7518 3674 2484
4 8217 8673 5013 4230
4 8226 8833 2879 7204
4 8271 1648 8161 1015
4 8300 5017 7839 3029
4 8416 5948 628 3691
4 8445 5627 2309 5056
4 8481 5899 8824 9390
4 8574 6052 6149 5875
4 8587 8650 87 642
4 8649 9246 9135 6623
4 8678 4126 9490 28
4 8974 7152 2848 8617
4 9113 7346 8247 8198
4 9132 7692 7318 3276
4 9317 1010 6721 1847
4 9334 2127 7278 3932
4 9395 6680 3828 8305
4 9445 2555 656 2811
4 9477 7983 2590 2516
4 9537 1825 7151 9588
4 9708 2836 6102 5879
4 9782 9719 6645 6215
4 9796 2125 3480 178
4 9817 3608 597 1876
4 9947 7752 3677 5513
4 9967 8609 1943 9286
4 9992 6157 1866 289
4 167 8653 7954 9471
4 223 900 1735 4671
4 724 2872 4555 4650
4 989 3973 8606 9580
4 1033 9414 1620 5487
4 1185 6036 9776 6731
4 1241 206 3239 6193
4 1310 4859 6256 3692
4 1408 931 6350 6531
4 1448 1159 2697 1464
4 1617 1856 7375 1819
4 1676 2538 4170 8578
4 1772 5824 6703 7888
4 1901 8652 6685 9852
4 2760 590 5981 2226
4 2767 1056 3527 9276
4 2845 1311 9499 1129
4 3094 1393 4522 8434
4 3100 5815 8134 3132
4 3116 9382 1877 6984
4 3152 1632 6206 7764
4 3215 3891 3808 8258
4 3245 4573 1994 7475
4 3287 834 8537 5559
4 3393 1205 3092 2190
4 3459 4496 6741 9407
4 3642 4792 5061 124
4 3815 2999 8468 1718
4 3829 5058 1260 8967
4 3868 6111 9637 1874
4 3908 6152 6053 2091
4 3970 307 290 9241
4 4039 2732 6443 4054
4 4086 151 9238 142
4 4159 53 4725 8684
4 4180 3895 8342 7413
4 4349 4933 7105 7777
4 4755 7875 3573 9799
4 4760 236 4611 589
4 4864 5094 1642 7610
4 4999 1562 6228 1884
4 5092 1888 7542 4661
4 5447 2705 7993 6306
4 5486 4997 9326 7734
4 5555 3980 4055 4857
4 5560 2428 9165 6849
4 5826 4814 3297 6932
4 6066 7512 5371 9748
4 6200 9675 2241 4692
4 6523 1704 7884 5710
4 6597 4442 4865 362
4 6909 5418 9602 8907
4 6916 9714 253 9730
4 7107 2490 6651 6676
4 7160 4091 9864 7286
4 7358 4592 7361 735
4 7376 4636 3912 7659
4 7378 4774 7219 1837
4 7455 6628 4989 5517
4 7477 8032 2765 1445
