1628
2 5357 5121
2 8148 6404
2 421 5913
2 2589 5583
2 6255 8785
2 9906 3629
2 6584 3987
2 7710 7529
2 1737 5231
2 2094 4386
2 5796 9487
2 6735 8197
2 1756 998
2 2584 8754
2 2395 2861
2 6655 59
2 6312 7569
2 7923 8873
2 7704 7444
2 5515 6632
2 9612 7262
2 8452 7796
2 2489 398
2 5905 8407
2 820 604
2 1729 9004
2 6459 8603
2 1248 7064
2 7549 9354
2 4848 8733
2 5886 8437
2 8189 6839
2 9529 4449
2 9213 4318
2 1524 5744
2 4574 8479
2 9483 6823
2 4100 9620
2 3904 4233
2 3626 1287
2 7108 5416
2 2545 9383
2 6476 1396
2 4004 9131
2 3697 973
2 5427 2061
2 4041 370
2 847 3015
2 2155 9247
2 4644 4863
2 7792 6668
2 3135 4631
2 2222 2843
2 1492 9618
2 2752 5363
2 7168 2687
2 5570 453
2 44 1561
2 2117 7100
2 8284 461
2 3505 4036
2 8775 8287
2 9765 3273
2 1423 1385
2 3295 6640
2 2932 5616
2 8004 8854
2 8591 2345
2 3715 674
2 2096 5918
2 6639 9813
2 3420 7936
2 1556 5090
2 666 2935
2 2331 2598
2 4695 5251
2 3825 1114
2 6762 4147
2 1677 9959
2 1081 6756
2 5001 5592
2 8384 6196
2 8689 9818
2 8119 1388
2 7525 4106
2 864 9888
2 5989 683
2 948 6613
2 3942 8320
2 5526 8911
2 4194 5052
2 4473 3484
2 5083 3149
2 5211 8585
2 9128 7369
2 936 2968
2 2459 4670
2 2819 132
2 7515 7577
2 8777 8814
2 7819 962
2 2246 7863
2 876 8240
2 2723 7939
2 7368 110
2 752 3176
2 8837 8991
2 9256 8636
2 3457 2728
2 8392 4808
2 7208 7950
2 7290 2212
2 371 684
2 2196 9267
2 7101 5791
2 281 63
2 8641 9614
2 2499 714
2 6240 5602
2 2475 3656
2 4090 9019
2 7259 4916
2 1101 1491
2 2064 5651
2 9894 1013
2 3678 7945
2 7834 4405
2 839 3024
2 2548 6170
2 3765 5048
2 7198 5945
2 4961 1115
2 1004 7937
2 1071 4685
2 9965 2124
2 1233 9986
2 3302 4579
2 3272 3647
2 3795 5042
2 8152 1707
2 384 7927
2 2141 6782
2 6677 9295
2 7104 2070
2 1734 5101
2 2008 5773
2 4702 7135
2 854 1164
2 6495 4430
2 2115 4788
2 8058 336
2 1214 2080
2 4957 4917
2 5046 7961
2 7201 7540
2 443 8639
2 2558 6702
2 2922 8063
2 5214 6381
2 7409 6176
2 1341 4964
2 7896 7825
2 3499 7202
2 5653 976
2 49 4983
2 1146 1830
2 4886 9568
2 9307 3463
2 4509 818
2 7313 5772
2 82 3096
2 3792 8612
2 5295 3566
2 6107 7595
2 3047 7757
2 3607 2727
2 3940 5713
2 4135 5982
2 4874 6252
2 2228 887
2 2274 2964
2 8338 3896
2 9305 4240
2 636 3293
2 1353 7136
2 3228 6168
2 1210 8485
2 3309 71
2 4322 8608
2 5310 8322
2 7305 4406
2 1851 4925
2 7543 1203
2 6550 9433
2 7516 1988
2 6935 9129
2 8745 4940
2 7551 5625
2 9866 1671
2 1955 7145
2 9795 4141
2 7 47
2 1812 9527
2 4185 4131
2 8116 5383
2 3437 3114
2 5219 594
2 7579 8465
2 1322 1450
2 2456 8851
2 7326 3042
2 9552 1094
2 4167 7359
2 2259 1742
2 4235 9
2 4637 532
2 3142 766
2 1713 9539
2 7231 4655
2 5006 2686
2 5652 1934
2 3686 7583
2 9690 4074
2 5873 4561
2 2962 3072
2 5494 9525
2 7715 8553
2 3844 727
2 4657 6957
2 8803 9263
2 2481 6129
2 723 4102
2 1050 9235
2 1895 62
2 4847 4112
2 7083 7447
2 4475 8250
2 2759 2982
2 3357 2736
2 8387 9532
2 9917 213
2 4374 7088
2 2293 8332
2 7196 1946
2 8736 9196
2 3519 954
2 3196 5163
2 7032 8375
2 7308 859
2 7648 4320
2 8010 2045
2 9946 4076
2 1591 1724
2 6547 9063
2 1418 2342
2 2726 9119
2 5777 8193
2 6882 4619
2 2060 8767
2 3337 7725
2 5904 6611
2 850 992
2 1568 4402
2 2652 3689
2 6178 2340
2 9106 8644
2 5172 4638
2 2544 9966
2 3155 4490
2 1433 9747
2 4912 4995
2 1621 6558
2 2642 2085
2 3170 3672
2 586 3775
2 2749 120
2 3648 9344
2 201 9576
2 3757 8478
2 5729 7851
2 8626 6038
2 3542 5686
2 3781 7494
2 6534 2828
2 6913 3257
2 7451 4139
2 8601 6571
2 7643 774
2 4550 6567
2 5931 8138
2 7148 8397
2 2628 7814
2 3889 9542
2 5156 2323
2 7464 1763
2 7545 8186
2 403 3593
2 328 2870
2 676 2862
2 4150 2308
2 4244 3376
2 6134 3112
2 9302 18
2 2795 8865
2 3475 7862
2 4058 6467
2 6537 8997
2 2300 58
2 9151 7079
2 9275 5081
2 9713 6927
2 4959 8187
2 9559 2814
2 1383 4044
2 2036 2213
2 4390 5366
2 7316 3869
2 8233 9900
2 8242 8115
2 8267 3708
2 3451 6171
2 3840 9528
2 4480 7166
2 8259 8849
2 1711 8506
2 5609 6147
2 7445 446
2 7703 2123
2 778 1160
2 3842 2305
2 5845 9243
2 7673 9873
2 8616 2160
2 8079 2243
2 9320 1049
2 11 3583
2 1839 8094
2 1936 2313
2 2267 5096
2 3526 5540
2 245 4837
2 654 9605
2 1136 1509
2 3126 8430
2 8101 8167
2 333 7267
2 1552 6359
2 2023 5854
2 6050 9514
2 6123 2985
2 3913 5359
2 7944 5136
2 3950 5324
2 4284 373
2 7726 9374
2 8509 2282
2 9921 2944
2 687 7953
2 4551 6580
2 7385 8286
2 8036 7466
2 2920 2535
2 4902 6777
2 6300 3106
2 7008 706
2 1767 3745
2 4498 6842
2 5209 1845
2 7522 8367
2 9784 3899
2 1231 2203
2 3618 2817
2 3632 2674
2 6481 9722
2 9289 7922
2 65 9340
2 1427 4690
2 3253 7026
2 5665 177
2 6060 9856
2 8348 593
2 2718 9283
2 5600 9942
2 6985 463
2 6989 9732
2 8701 7756
2 7700 7050
2 2994 4151
2 3002 8563
2 5622 780
2 8026 7920
2 1359 7212
2 3083 9649
2 4965 6313
2 5919 9111
2 8346 1096
2 1996 2572
2 2941 6638
2 4516 8253
2 6582 8047
2 8697 8721
2 9691 3229
2 1357 1817
2 8834 7209
2 2619 745
2 6329 9778
2 9252 522
2 1085 2364
2 1336 103
2 1372 2802
2 2571 717
2 3485 9366
2 4137 9443
2 4951 9751
2 5962 8839
2 2009 6316
2 3356 4352
2 4582 9779
2 6363 4351
2 251 709
2 565 2112
2 1861 8477
2 6477 2647
2 6602 8199
2 67 6426
2 3368 5793
2 2351 3443
2 5891 9123
2 5909 2905
2 8811 8751
2 6994 9154
2 7119 257
2 9365 7671
2 6 8614
2 645 3089
2 1340 4259
2 7629 1820
2 9124 214
2 171 6415
2 1976 3496
2 2536 7330
2 5492 2095
2 7981 332
2 1202 2162
2 1510 4293
2 1787 7489
2 3379 4134
2 4884 9325
2 9585 1701
2 1344 4357
2 4477 7911
2 8947 9629
2 9546 3062
2 9806 3308
2 60 5593
2 3214 5544
2 5239 8200
2 188 6666
2 1001 8923
2 2957 9363
2 4557 9968
2 4867 6914
2 8163 9930
2 8501 1717
2 750 877
2 5149 5330
2 8529 8835
2 9511 7613
2 9974 1740
2 1975 4222
2 5236 7057
2 5244 9545
2 5518 1505
2 5733 8003
2 6956 6297
2 7934 5332
2 8779 8651
2 4711 7391
2 5991 321
2 6342 4727
2 1351 296
2 1564 4977
2 1800 8658
2 2776 924
2 1364 9166
2 1883 2575
2 3730 7677
2 3750 9962
2 4331 1965
2 4696 8431
2 6188 7415
2 7439 4572
2 8040 1249
2 2245 5529
2 3120 8990
2 5758 791
2 5970 7210
2 7153 7647
2 7344 7699
2 1522 9419
2 1747 9550
2 8915 9426
2 2509 4161
2 3579 2043
3 4415 5028 5131
3 4717 5808 3473
3 8168 8056 6738
3 8449 7972 8579
3 1743 1714 3655
3 5488 96 3306
3 5683 767 1061
3 5835 6616 2265
3 2573 1673 8418
3 5074 902 9397
3 5728 6042 55
3 7824 9341 8548
3 9271 6273 631
3 301 6419 3087
3 6627 5720 1889
3 7250 9572 797
3 8866 264 3845
3 9569 8470 6309
3 1200 6144 9626
3 1523 197 4870
3 2952 3223 5155
3 3830 8607 773
3 385 6742 3167
3 1178 3834 7524
3 1636 8625 6226
3 9566 6336 9853
3 1508 9797 8659
3 2089 8702 6377
3 2809 6410 7567
3 5553 7748 7436
3 8487 2055 407
3 3137 1476 8132
3 3978 9250 9718
3 4367 3905 3557
3 4960 9048 6192
3 1810 5864 1948
3 4600 2612 5375
3 7155 1228 3271
3 8183 5610 875
3 730 3673 4649
3 278 3870 4043
3 1998 6384 8671
3 2486 9689 9265
3 3791 4079 4524
3 4200 2353 6198
3 4861 6058 3944
3 6769 9952 1912
3 283 8940 9843
3 3001 5308 3857
3 6028 9746 85
3 6747 8707 7412
3 3 7253 8172
3 1429 6662 2000
3 5476 7302 2912
3 9871 9078 5170
3 1483 6010 1853
3 432 4532 7118
3 1140 8204 8453
3 3367 3997 1720
3 7443 4179 884
3 8297 4706 8442
3 8677 5203 2927
3 9507 6146 263
3 836 9755 6578
3 915 6012 3028
3 1040 4607 3278
3 1587 7880 7696
3 4527 8683 3022
3 4469 995 8670
3 5207 3728 8964
3 6483 6981 5803
3 7095 7103 6110
3 513 634 6498
3 3885 2585 9695
3 5849 6757 464
3 6320 1378 9464
3 7978 7618 7296
3 1224 8929 1821
3 3508 7319 4474
3 7617 3518 3037
3 1037 3561 6370
3 1253 1073 9908
3 2877 4883 3877
3 4565 4617 3736
3 7603 8750 1681
3 8722 7861 8895
3 1708 4307 1684
3 5174 1154 1923
3 5197 6444 9359
3 8932 3248 2627
3 1117 1526 1484
3 1542 8328 3375
3 2939 3362 8524
3 4786 6367 8692
3 4871 559 5902
3 5785 7759 1116
3 137 1152 4038
3 2937 7536 9599
3 4439 1571 5462
3 520 5278 7678
3 2488 4521 6296
3 3892 7870 2798
3 4361 8956 2592
3 3511 9197 9769
3 4292 4975 8874
3 9880 3853 8466
3 5823 7041 56
3 7823 1833 916
3 8637 7178 6965
3 1261 3544 5547
3 3055 5341 3107
3 5839 6656 9907
3 6231 4668 9849
3 17 4946 2566
3 172 970 2600
3 174 5705 5446
3 1361 9961 6605
3 1712 5941 9425
3 6220 5441 208
3 6577 1726 9014
3 7463 8527 7255
3 2185 6938 9350
3 5378 9984 145
3 5998 6389 846
3 529 7238 3769
3 760 7130 10
3 2368 2106 6583
3 5503 1234 912
3 5548 8516 688
3 7215 5151 5563
3 3050 6856 1430
3 4604 1122 8714
3 5250 1765 3746
3 6715 7363 7740
3 297 3969 4731
3 451 525 9168
3 738 3134 1601
3 844 4663 5271
3 1570 5649 9597
3 3516 9741 6752
3 8363 9092 8673
3 8931 923 1487
3 2716 2165 6526
3 556 6540 6133
3 1197 2766 7624
3 1827 3540 139
3 5118 7218 5579
3 5325 6205 926
3 6266 8239 7518
3 6364 7778 9895
3 164 2221 4093
3 1963 2649 7558
3 2407 9182 7149
3 3104 2295 9450
3 9121 9161 117
3 2007 1589 3258
3 4491 8081 5013
3 4990 9214 8059
3 6396 2484 4230
3 8833 8044 5007
3 1648 8161 5017
3 5948 628 3674
3 211 7499 2309
3 2804 5899 9390
3 4627 6451 87
3 5574 8650 642
3 5627 9594 2127
3 6052 3691 5875
3 7839 8824 6149
3 9246 9135 6623
3 480 5056 7152
3 2879 8293 7204
3 4126 9490 8198
3 7346 8247 7692
3 1010 2848 2590
3 2555 7983 3276
3 6680 8617 6157
3 1015 8305 6036
3 1825 7151 2836
3 3029 9719 5879
3 3932 6102 6645
3 6721 2125 1876
3 7318 3608 2811
3 656 6215 9471
3 3828 7278 8653
3 7752 8609 9286
3 9588 1847 2872
3 178 7954 3480
3 289 1866 8606
3 597 900 1943
3 1735 6731 9580
3 3973 9776 3692
3 4555 206 2516
3 9414 1620 4671
3 28 7375 1856
3 3239 4859 6256
3 3677 5513 4650
3 5487 6193 931
3 1159 1464 2697
3 2538 4170 5824
3 8652 9852 6685
3 590 6350 8134
3 1056 2226 9499
3 1311 5815 834
3 1393 6703 7888
3 8578 9382 1632
3 1819 3808 3891
3 3527 9276 5559
3 4522 4573 8434
3 6531 3092 2999
3 1129 5981 8258
3 1205 4496 6741
3 3132 5061 124
3 4792 6984 142
3 5058 1260 9238
3 6111 7764 151
3 6152 1994 7475
3 307 6206 4054
3 1877 8537 4997
3 2732 6443 8468
3 53 6053 1718
3 1874 9407 7413
3 3895 8342 9637
3 4933 7105 2190
3 5094 1642 2705
3 7875 8684 3573
3 236 4611 589
3 290 7542 1888
3 1562 8967 7777
3 4725 3980 5371
3 6228 9241 4857
3 7734 9799 9326
3 2091 4814 9714
3 2428 4055 1884
3 6306 7610 7512
3 9165 4661 5710
3 9675 4692 5418
3 9748 7884 9376
3 1704 4865 9730
3 4442 253 6628
3 2490 6651 6676
3 3297 6932 7993
3 4091 9864 4703
3 4592 7361 8032
3 4636 4774 7219
3 8035 9602 8907
3 9530 7286 5644
3 9761 2765 648
3 540 2241 6155
3 1445 4381 3924
3 2020 6849 3558
3 4875 4989 9896
3 7406 1837 5044
3 7659 3912 4363
3 362 735 7090
3 1282 4716 4066
3 2854 4506 6365
3 5235 6827 7526
3 5517 5035 898
3 5794 3839 1440
3 6557 3654 3945
3 2254 8176 7733
3 2565 6326 2461
3 2887 3802 7594
3 4187 4926 9976
3 7662 7841 4656
3 8123 1595 9016
3 9523 1023 4771
3 2400 6733 5530
3 3531 3553 4904
3 5020 1598 4064
3 5671 8241 9922
3 7003 7382 3567
3 7074 4410 5916
3 8423 3498 534
3 2806 4089 6380
3 6366 6976 6794
3 9650 1406 1339
3 358 1467 8333
3 2006 2081 7037
3 2457 5355 4559
3 3422 9453 1332
3 4773 5474 147
3 5389 6289 7374
3 6673 6436 3906
3 1533 7356 4412
3 1723 2320 7683
3 5205 9368 5898
3 7432 2375 1471
3 8597 8432 6800
3 9220 960 210
3 404 6076 2783
3 3760 4879 8861
3 5336 9988 1422
3 6988 7914 2907
3 9456 489 146
3 9848 6778 9468
3 33 1584 622
3 689 4720 2389
3 4495 6857 4639
3 6361 5178 7785
3 8019 6490 4375
3 909 3718 5551
3 1609 8938 8894
3 3323 8889 5457
3 4478 4766 8715
3 5489 9879 7943
3 6514 6528 9043
3 7821 4011 8153
3 8376 5869 2874
3 2381 1021 4452
3 2462 7534 3582
3 3145 5633 3704
3 5086 7249 7419
3 7426 9726 5856
3 7768 8898 7818
3 8648 2401 3914
3 737 7230 2260
3 2398 3244 9703
3 3617 6784 9192
3 7310 7530 7175
3 8043 8150 9684
3 9361 6016 3299
3 9561 396 3595
3 1529 8823 1930
3 3882 1512 3153
3 6340 9072 7917
3 7592 3983 3559
3 8845 4026 3966
3 150 4953 5467
3 1922 2129 5085
3 3352 9631 5461
3 4057 6208 8954
3 5776 8299 5832
3 5901 6585 5380
3 6870 7990 9122
3 39 5865 8712
3 198 1952 5255
3 635 5920 9143
3 835 6202 8425
3 3371 8325 9222
3 7013 3749 6466
3 8679 4823 6834
3 9971 2191 7454
3 1090 7116 3985
3 1886 9429 8746
3 4202 4907 9183
3 4467 32 7770
3 5522 9549 804
3 359 5556 7010
3 512 3188 9221
3 947 3339 5531
3 3075 6649 7956
3 5724 7596 5615
3 7966 8238 8682
3 9062 9802 2134
3 9667 1507 3428
3 711 1822 4124
3 3129 9091 7480
3 3136 6184 3811
3 3564 9606 149
3 4704 9734 1347
3 6724 2277 6700
3 7689 5908 6873
3 9828 45 170
3 678 2924 5896
3 1761 4640 3011
3 4016 7809 3322
3 4887 6421 7221
3 7220 8519 2343
3 9868 2707 5566
3 300 1100 6446
3 1256 2167 313
3 2148 6243 4208
3 5756 7970 8196
3 6574 6705 7731
3 7186 3991 3641
3 7876 8276 9573
3 9173 1382 2024
3 0 6811 6203
3 849 5047 6553
3 3694 8263 2467
3 4465 6160 5164
3 4514 8632 6637
3 5451 5939 2495
3 5584 9096 8752
3 6264 7964 2198
3 471 3020 3121
3 611 5166 8264
3 2278 3724 5954
3 6248 8562 9752
3 9459 6681 8517
3 1047 1908 8027
3 2672 5277 6903
3 4335 7984 6015
3 4708 8908 6522
3 4949 6659 9978
3 1044 1157 1199
3 1174 2983 5657
3 4659 6942 7386
3 6596 9891 9996
3 6726 2367 7975
3 7424 8133 1181
3 9299 3681 6648
3 9583 1179 9328
3 9987 4992 9210
3 1569 5240 5040
3 2875 4215 3818
3 4340 433 1106
3 5860 5947 7425
3 8711 1411 5721
3 8801 541 5836
3 9068 3226 3127
3 708 4511 6112
3 1593 2337 7727
3 3203 6017 8160
3 3412 5763 5449
3 5362 7384 9038
3 9633 6719 2506
3 562 3517 9836
3 2062 7509 7521
3 4790 5173 514
3 6022 1668 4286
3 8143 8222 9721
3 825 6478 8210
3 1381 3031 9486
3 1616 3894 1840
3 2702 4419 8696
3 3563 4456 6246
3 5536 5813 6351
3 7500 8828 5496
3 204 355 2296
3 2025 4052 8202
3 2601 5157 8413
3 4206 8864 8863
3 7555 968 608
3 8667 4958 8336
3 889 1400 5730
3 1751 8139 465
3 1768 6492 7633
3 2120 8810 3105
3 4359 7877 4742
3 6713 5872 4092
3 70 1012 2437
3 1409 2159 2329
3 1535 3330 6864
3 2954 8977 5198
3 3596 6280 6275
3 4188 8031 8876
3 6051 9935 4943
3 7751 955 3004
3 8006 9920 919
3 9995 4228 1321
3 234 1843 6960
3 240 3972 2033
3 530 4858 9198
3 2578 3809 5606
3 3235 270 4000
3 3657 5368 131
3 4801 8919 9418
3 6263 9269 5751
3 430 431 1062
3 456 7729 9716
3 1640 3926 8215
3 2746 9187 9028
3 3311 8454 7614
3 5082 9519 8089
3 6576 7924 8137
3 7397 2661 6097
3 9600 1750 2786
3 9768 97 6008
3 372 2604 2193
3 500 1939 1036
3 620 5208 9699
3 978 9767 6003
3 1330 7995 5986
3 2762 3939 4046
3 2949 9201 4534
3 6698 9332 3956
3 6964 9584 4942
3 9446 8401 439
3 136 8447 5191
3 673 4301 6890
3 1259 9086 9431
3 1744 2632 7663
3 1980 6161 2694
3 2072 9538 2102
3 2977 1519 6835
3 4796 2514 2713
3 6761 9656 6824
3 7170 3590 7407
3 885 2772 4221
3 1475 5482 9413
3 1796 5245 1649
3 3212 4798 9944
3 6565 7991 9398
3 6844 8180 3370
3 7457 8822 2595
3 24 8435 1961
3 183 4104 6809
3 956 8326 8383
3 1318 2074 3280
3 2399 8252 1279
3 6137 6352 6121
3 8568 86 9855
3 37 3793 9083
3 1694 5752 4635
3 2207 3060 6463
3 3344 4238 3822
3 4387 5666 6450
3 4502 5732 1983
3 4777 6887 7586
3 6197 7800 9075
3 7674 7881 6302
3 7895 2953 4839
3 8037 1546 7471
3 8859 4783 2881
3 457 2891 458
3 2297 7554 1538
3 5994 7461 7812
3 9036 6963 8314
3 487 3543 8353
3 602 8900 5168
3 756 4358 4595
3 1755 3364 8815
3 4248 7724 6972
3 4400 6959 2903
3 5897 7362 2144
3 7320 9009 7387
3 7357 7410 6915
3 335 2149 4399
3 2210 3052 4596
3 2596 2608 9094
3 3141 4434 9047
3 3951 7094 9215
3 4116 7206 9035
3 5024 6311 2785
3 6471 4339 2741
3 8093 8766 8930
4 9137 462 9578 1688
4 221 392 4504 3021
4 801 3347 9659 2028
4 1371 1536 9564 5066
4 2610 6506 3875 6332
4 2956 9114 4069 9838
4 6353 6818 8486 1161
4 40 2837 3887 2892
4 1678 5628 6127 4982
4 2859 4994 5181 1009
4 3651 7850 3789 4736
4 6448 7078 802 9709
4 6925 4877 7602 6175
4 7889 2059 1453 840
4 31 168 9820 5233
4 725 6232 2469 1426
4 2412 8663 6148 1778
4 502 2307 5106 7632
4 739 8028 9394 6328
4 842 4291 8438 644
4 2683 6229 6944 4097
4 2685 7959 4688 5125
4 7557 8543 9993 325
4 7694 8737 393 511
4 7859 9651 78 615
4 152 639 6725 2169
4 343 3841 9678 7742
4 402 3012 4488 5128
4 1220 1959 3318 7971
4 2101 4549 8022 8426
4 5817 8576 229 4567
4 6699 9540 7960 9595
4 9015 9223 1043 5631
4 613 7395 5959 8804
4 1869 2950 4689 4787
4 5558 6473 5882 3679
4 5719 9489 7423 8643
4 34 68 5422 2388
4 793 5676 1377 8903
4 848 5190 8097 4099
4 4031 9227 9957 726
4 6034 8256 6746 7314
4 7803 8950 7631 2472
4 953 1979 3123 6952
4 1080 4826 13 252
4 1165 1807 2242 7994
4 3555 3903 1167 5443
4 3743 4855 477 7532
4 4880 6315 7581 5850
4 7697 305 1892 7132
4 20 579 6005 7176
4 413 4723 6225 5731
4 467 5881 7430 2137
4 640 6452 4969 2304
4 1270 2002 8398 193
4 3515 9887 76 4173
4 3698 9892 1590 2669
4 153 1502 3396 5863
4 860 4811 5951 2215
4 2164 5212 7666 395
4 3509 6922 4047 4451
4 4298 8629 9274 9280
4 6357 8571 3665 740
4 9475 57 649 6544
4 346 6046 7826 1953
4 2929 4750 3621 414
4 4078 6479 6291 5161
4 4267 7496 293 5146
4 5950 6674 1369 1549
4 6095 6189 6563 4155
4 1586 3246 4246 7713
4 2019 2232 2432 2799
4 2358 4554 7036 5346
4 2527 4245 4279 8212
4 2629 3233 2898 9337
4 3581 7951 9524 8986
4 4679 4922 3449 7194
4 5829 7906 1416 7024
4 83 937 8821 949
4 1276 8456 3761 9526
4 3146 9830 9065 9157
4 3902 5026 6740 868
4 4249 7804 554 1194
4 4662 7252 2533 8206
4 6104 6210 3161 4030
4 7565 1650 6244 444
4 568 1084 1286 2751
4 1504 3261 3838 2531
4 2634 2824 3504 8675
4 3482 9234 2529 7197
4 4311 4314 5895 2303
4 4747 16 5200 23
4 9313 2668 5714 3773
4 1516 4537 4856 1793
4 3263 3748 8498 7743
4 3431 6270 6630 7813
4 3806 9105 9294 4767
4 4653 7653 9543 6664
4 5387 8229 1032 9458
4 7236 1250 1532 3174
4 982 1527 4501 4578
4 1031 4176 4328 9333
4 1118 3332 8277 8952
4 1514 4398 5401 8727
4 2047 3930 7018 5672
4 3911 7963 6258 9496
4 6294 8440 8965 9692
4 7490 9810 6920 3316
4 9488 5237 2442 1452
4 9635 675 8642 9680
4 1201 1986 4841 7150
4 1296 4623 1891 6828
4 4001 6245 7559 9551
4 4892 8355 5175 6744
4 4914 9958 4713 2422
4 6612 2264 3880 6852
4 8201 5373 6693 6430
4 499 2143 1606 8729
4 1027 3824 6494 4935
4 1618 3513 8654 8179
4 2671 5199 9251 225
4 2712 3125 6569 7622
4 5059 6962 3099 7761
4 5834 5980 4898 5641
4 6510 8289 4164 9260
4 6822 9085 365 9711
4 459 4447 8067 9022
4 858 5769 8918 30
4 3407 4605 9002 5043
4 3747 9858 8177 4407
4 4144 4775 9149 4095
4 6093 2328 5400 7237
4 115 8235 7828 4562
4 3147 7957 8593 8897
4 3570 7418 8981 7849
4 5097 9272 185 9611
4 6604 8808 9655 1058
4 123 3274 8567 1951
4 1806 3547 7600 4156
4 1898 2335 9985 6846
4 2402 8382 6600 9624
4 6118 6130 1110 1978
4 9181 1669 1865 6727
4 94 3355 576 2570
4 1132 6766 2235 7190
4 2946 5098 5471 4546
4 4482 4558 6002 7085
4 5831 7721 9073 6323
4 6126 8756 6851 2466
4 6398 7048 8978 2046
4 6590 8472 4197 4840
4 8108 6899 7899 5442
4 1639 2205 2220 4325
4 2240 7247 7273 896
4 4694 6472 7616 8753
4 5077 7127 7665 7868
4 6078 6090 7315 9771
4 6669 8806 8340 7805
4 6993 8388 8393 2333
4 9927 2582 6711 9859
4 473 1288 5019 9613
4 1754 3587 5505 5944
4 1835 3883 8129 3615
4 2591 6304 4489 2105
4 3078 4804 5041 7329
4 5812 6524 7634 8734
4 6223 8572 8372 5323
4 7693 9338 8640 7460
4 9745 160 2730 9877
4 516 1848 6774 1266
4 899 2911 1849 6356
4 1271 1774 4564 4172
4 2216 3506 1192 3324
4 2294 22 3265 5140
4 101 1137 9003 9603
4 143 2549 8573 6990
4 419 1313 7815 3884
4 1212 3878 1086 7275
4 2234 3664 5621 6560
4 5189 5613 9013 6697
4 5460 6671 9948 2237
4 5702 6739 2754 3933
4 5800 1653 2136 5276
4 2199 3281 4308 3038
4 3439 6803 7121 7123
4 4312 7491 8021 8773
4 4746 8996 9134 1127
4 8994 417 558 2453
4 753 6064 2793 6581
4 906 1699 9029 3849
4 2390 2781 4255 5134
4 3097 3402 3578 9679
4 4217 7686 7931 5268
4 5171 9261 9194 2289
4 5397 6063 1488 5426
4 9744 2417 5598 1480
4 381 4136 4918 3782
4 550 2016 6595 2852
4 796 1170 4394 4599
4 1461 3873 6636 6831
4 1656 2268 4196 5903
4 4818 6023 8411 1172
4 5234 9844 2621 2951
4 5523 9230 2775 8789
4 6035 6414 7510 8316
4 8084 9008 219 8793
4 8716 159 9901 4613
4 472 828 6520 5253
4 1093 2444 2406 3888
4 1624 1783 6261 6132
4 3131 3381 5246 8759
4 3491 4630 7117 8166
4 3817 7400 4678 9759
4 6096 7233 7786 8049
4 8464 133 1404 2731
4 217 1627 1814 3442
4 279 1665 893 2334
4 845 2068 4910 8618
4 1867 1985 3965 8633
4 3262 3300 4094 3783
4 3334 5736 7903 8539
4 5770 6227 7788 2750
4 6373 6432 6953 6517
4 6529 7309 7684 7501
4 8987 1208 2281 4487
4 218 1781 2987 5391
4 610 1801 5966 1836
4 1221 3584 4193 9502
4 2065 3312 3744 5577
4 2554 4088 5586 3721
4 2711 3401 4479 5917
4 4932 5972 9534 669
4 5313 5398 6180 9535
4 7925 7969 8165 7980
4 9575 990 1899 6417
4 401 3927 4894 651
4 1184 3445 3539 5064
4 1646 1904 5104 8665
4 2722 5132 3124 4544
4 3862 7388 7898 7672
4 5370 6586 545 9754
4 6812 7110 9660 2184
4 7371 9200 2376 8694
4 7675 1638 9770 4428
4 89 3085 9882 3216
4 934 1716 2326 5594
4 1292 3947 7502 1299
4 2464 2947 4538 5481
4 3076 3411 7065 7289
4 3929 4529 4981 7695
4 5599 9941 771 977
4 8638 9846 1928 4628
4 144 249 827 163
4 292 1130 3424 3807
4 757 1935 3521 6405
4 1683 4669 5345 2087
4 2173 2560 6770 7907
4 3017 6259 8842 9356
4 5511 7043 8015 304
4 7664 7902 8525 8584
4 8268 9156 2835 3115
4 8934 9209 2057 3580
4 207 930 7177 2463
4 894 1120 1469 6973
4 1138 1870 4833 2022
4 2050 2480 6805 8776
4 2567 6068 7744 6958
4 2990 4163 7096 618
4 5122 6307 8732 9089
4 6409 7608 9140 241
4 6497 9670 1331 5429
4 157 691 6331 2011
4 199 1209 316 7274
4 288 4842 7553 8709
4 3313 3610 3941 4646
4 4149 7223 7134 8273
4 4553 9860 643 287
4 4882 5804 7014 7962
4 8853 9785 3353 356
4 728 865 3893 8409
4 2179 2564 7642 8298
4 2227 4337 9179 7544
4 3178 4948 5514 3186
4 3541 4392 5192 5725
4 6301 6541 7640 1958
4 6425 7163 7878 9152
4 6897 8502 9225 819
4 7216 8068 8886 5182
4 9491 108 616 1971
4 862 1574 2288 3006
4 1227 4789 5060 9863
4 1277 1652 5718 5206
4 1841 4468 5254 6513
4 2418 4355 5329 7546
4 2805 4226 5578 6904
4 3753 5550 7229 9647
4 4714 6213 7019 7795
4 5663 8534 8645 6629
4 6387 8870 1495 9617
4 7298 9100 9406 3798
4 9367 9710 425 5534
4 186 733 2563 5952
4 784 867 3425 3536
4 1809 2841 5825 6087
4 2163 2239 5612 4508
4 3438 4598 7948 5658
4 4143 4634 5848 9885
4 5424 7087 8941 8310
4 5741 6796 9553 3208
4 6814 9172 226 8141
4 8740 9232 9329 769
4 9870 347 348 4791
4 378 1479 2344 1376
4 800 1563 2318 2689
4 1615 1661 5510 8564
4 1700 2201 3209 3712
4 2435 5611 5958 9590
4 2577 3812 4693 6620
4 5573 6484 9158 9582
4 5771 9423 789 7365
4 7091 7349 7556 8771
4 9570 128 719 1685
4 189 383 2152 4290
4 1099 4518 4726 7441
4 1403 4403 7434 5409
4 3917 4906 8309 6125
4 4986 7333 7799 8103
4 6253 9314 6748 9876
4 8321 9555 441 1909
4 9346 9862 415 2470
4 349 1196 4709 7140
4 633 1494 3213 5316
4 958 1235 1949 6701
4 1131 1788 4211 5294
4 2012 5183 6917 9205
4 2451 2586 7758 4939
4 6692 7946 8086 8493
4 7060 7580 7835 8064
4 7459 7541 8347 9954
4 9819 203 291 361
4 703 831 863 1284
4 1119 1180 1230 2550
4 1188 1799 3327 1868
4 1679 2382 2878 3784
4 1993 3860 4996 5379
4 2356 3859 6457 8080
4 3949 5148 6279 9323
4 5343 8282 8960 8379
4 6456 8686 9737 1323
4 4 280 693 1818
4 388 405 509 782
4 935 1335 1611 9999
4 1105 2384 5694 2498
4 1732 2035 5410 3821
4 2483 6843 8412 4621
4 3247 7669 8406 8726
4 5779 7507 7479 200
4 7807 7965 922 2324
4 8875 9372 5833 8955
4 227 1133 2378 4344
4 258 1111 4950 8410
4 268 2789 3787 4330
4 1046 1135 4632 4633
4 1074 2579 6233 8784
4 3394 4254 4734 6407
4 4664 4675 7307 8985
4 5051 7753 8970 5699
4 6085 7251 318 811
4 9102 9663 2386 2541
4 9807 376 2373 9604
4 662 1553 2311 3639
4 983 2405 4979 5977
4 1029 2086 3292 4461
4 1987 3922 6983 3389
4 2942 3386 5356 9724
4 4107 7667 9701 9742
4 5844 6500 6635 7791
4 8461 8523 9636 741
4 8791 794 2410 3199
4 173 342 2030 2508
4 491 2676 2715 3385
4 3827 4425 7399 9632
4 4371 7322 6371 8164
4 5005 5177 8374 9533
4 5327 6158 8602 9557
4 6434 8491 7092 1918
4 8731 9162 9186 9717
4 9148 9644 409 621
4 872 1992 7627 7820
4 1534 2883 3756 6242
4 2825 3008 3819 4220
4 3866 4810 6647 7992
4 4273 4369 5266 5885
4 5187 6254 6420 8136
4 5413 7340 1897 3799
4 7706 8725 1063 5643
4 8872 9342 148 4435
4 9773 917 1206 1554
4 69 1415 3225 5210
4 195 1439 3935 4323
4 821 1045 6678 7636
4 984 1329 1969 3267
4 1705 2747 7832 2934
4 3794 4978 5957 9609
4 4651 5399 7228 7712
4 5073 7069 9282 508
4 8857 9977 483 1610
4 312 605 652 3144
4 435 901 2503 6174
4 437 2166 3227 3466
4 1731 2172 3058 3620
4 2427 2873 2884 4032
4 2803 3474 4260 5045
4 4103 4356 4535 5265
4 4214 4237 5979 7093
4 4807 5167 5361 7408
4 5470 7165 8728 5883
4 5840 5853 6234 7033
4 6480 7264 7938 8879
4 6499 7276 7736 8758
4 7243 9327 9963 2996
4 7393 7547 9362 194
4 8613 9159 2330 4224
4 179 2500 4372 4822
4 987 1654 3636 4860
4 1305 4758 5350 6077
4 2425 5340 6654 6901
4 5508 5745 6675 8770
4 6841 7416 7793 8395
4 7097 7172 8507 8778
4 7588 7915 9070 9775
4 8142 8535 9822 111
4 8570 8780 9011 192
4 9787 184 3530 3879
4 118 209 2206 4732
4 303 1142 2769 9415
4 596 2170 6187 3476
4 2556 3082 4972 4891
4 3984 6853 7059 7639
4 4577 8117 8144 8311
4 4890 7789 9749 8786
4 7427 8877 9380 1728
4 478 482 2520 8224
4 729 1614 4175 5557
4 1831 3044 5279 7578
4 3189 3777 4285 4376
4 5067 7086 7561 7098
4 5107 7856 8114 7883
4 6128 6141 7942 9264
4 8038 8361 9421 9931
4 8405 8961 230 3716
4 8417 9218 9571 908
4 8975 121 274 5983
4 1485 1695 2485 4724
4 1517 2512 2812 4523
4 1972 2771 3727 5993
4 2808 5906 6411 7075
4 2974 5696 6614 8061
4 3493 3717 6308 6156
4 4952 6902 8244 5747
4 7590 7741 8135 8272
4 9436 9556 3685 4699
4 156 1350 1625 4899
4 781 1496 6833 7483
4 2039 2098 5483 7077
4 4232 4470 6559 6682
4 5504 6937 7847 9793
4 6177 6720 8002 7045
4 7187 7606 8075 61
4 8009 8462 8530 833
4 9031 256 311 424
4 507 574 2110 4063
4 1177 1226 1749 2272
4 1283 1937 2827 5617
4 2271 4333 4845 5304
4 2532 2602 5213 5533
4 3635 4098 6545 7730
4 5727 5870 7864 8110
4 6265 6429 7017 8011
4 6428 6607 8045 8220
4 8500 8561 9736 8797
4 8542 9126 8698 795
4 8880 81 428 682
4 866 1326 1696 1984
4 1006 1171 1634 3108
4 1501 1513 3053 3059
4 1753 1804 2298 4297
4 1917 3023 7068 8494
4 2231 2447 4588 4876
4 2657 4440 5158 5783
4 3307 3690 4966 5382
4 4427 5260 5262 5377
4 4913 5023 6971 7533
4 4980 5938 6026 7550
4 7248 7337 8868 9498
4 7404 8159 8635 9357
4 8556 9301 9457 1622
4 9686 1166 1703 3469
4 406 538 2252 4262
4 803 903 3993 5008
4 959 1789 5480 6998
4 3268 5754 6551 7022
4 4305 5907 7030 7367
4 6075 6293 7139 8190
4 6539 7292 7711 7833
4 7138 7929 8924 9007
4 7682 7830 8441 8473
4 8850 9296 9910 2310
4 9521 9932 2357 2583
4 182 1307 1762 2673
4 1275 1932 3534 3846
4 2393 2900 3361 5585
4 3205 3266 4770 6257
4 4591 5632 6237 7453
4 5472 5910 6021 6412
4 6098 6617 9823 7067
4 7514 7584 8592 8968
4 8555 658 1191 4843
4 603 668 3154 3416
4 1149 2138 2645 3286
4 1824 3705 4453 4851
4 3854 3963 4019 4060
4 4048 4793 6519 6859
4 4283 4830 5693 6533
4 4893 5010 5281 5900
4 4923 5926 6848 7129
4 6393 7523 7688 9577
4 6799 9042 9044 9698
4 7102 7281 9548 25
4 224 275 341 452
4 698 1190 1612 2928
4 921 2026 2385 2899
4 1770 1878 2664 2961
4 2546 3169 3382 4571
4 3591 3994 5430 7985
4 3611 3803 4911 8541
4 3810 4236 5100 6454
4 5640 6040 7000 6643
4 6222 6961 8001 7658
4 7071 7574 9411 9861
4 8085 9189 9914 2662
4 9297 9311 238 468
4 27 582 659 1775
4 54 746 972 3454
4 319 526 2656 3696
4 886 2153 3523 3990
4 1302 2280 3619 3719
4 2709 4009 5809 6031
4 4691 6119 6862 7782
4 5538 5838 6290 6334
4 5828 6195 6509 6592
4 6185 6923 7890 8334
4 7852 8000 8231 8554
4 9059 9101 9554 9146
4 9204 9229 9270 999
4 9972 180 1316 2038
4 412 1134 1667 1873
4 1777 2980 3754 4525
4 2525 3156 4821 5386
4 3413 5549 5635 6516
4 4209 6283 6491 6772
4 6199 6850 7504 8109
4 6391 7488 9825 8118
4 7011 9933 9024 422
4 7261 8034 1237 2758
4 9720 379 1087 1880
4 573 1725 2010 2154
4 1308 4034 4252 5778
4 3383 3645 3843 4581
4 4132 4520 5014 6163
4 4174 4556 5257 5697
4 4705 4987 7222 9150
4 5227 8344 8508 8757
4 5859 8098 8318 9400
4 5949 6792 8546 1374
4 9336 583 911 1290
4 154 533 1401 2733
4 360 986 1915 1964
4 1664 3340 3643 4976
4 2431 3201 3628 4062
4 2706 2858 3546 4438
4 3788 5029 5108 5406
4 5049 5342 5539 5619
4 5153 5466 5527 6631
4 5820 7042 8511 9321
