172
2 28 35
2 93 97
2 190 196
2 197 252
2 286 333
2 369 420
2 423 441
2 12 33
2 47 165
2 300 326
2 482 1
2 14 21
2 256 315
2 279 299
2 306 322
2 330 421
2 454 17
2 7 72
2 86 358
2 154 189
2 212 334
2 352 414
2 492 11
2 64 371
2 73 141
2 120 182
2 156 213
2 158 484
2 170 266
2 301 337
2 319 329
2 410 495
2 443 240
2 462 52
2 0 113
2 38 155
2 48 486
2 108 264
2 111 5
2 166 210
2 221 298
2 234 310
2 261 405
2 350 376
2 434 451
2 448 452
2 463 258
2 475 20
2 15 360
2 19 193
2 34 324
2 60 433
2 61 175
2 147 219
2 181 356
2 187 236
2 199 277
2 208 271
2 231 396
2 249 292
2 273 288
2 311 320
2 367 387
2 385 430
2 409 439
3 419 498 123
3 445 473 8
3 455 18 31
3 499 117 328
3 3 24 177
3 6 23 149
3 10 65 225
3 13 99 121
3 55 71 180
3 89 90 474
3 91 159 278
3 105 218 351
3 139 163 188
3 162 345 472
3 192 201 353
3 203 235 424
3 214 302 497
3 230 242 276
3 263 412 283
3 268 394 348
3 294 388 422
3 336 429 400
3 362 442 449
3 364 467 403
3 375 391 397
3 384 392 437
3 399 407 27
3 427 16 25
3 431 459 40
3 438 26 56
3 444 46 59
3 447 32 76
3 22 41 45
3 29 36 50
3 44 66 69
3 54 70 80
3 78 81 101
3 79 92 100
3 95 104 107
3 106 114 119
3 109 115 132
3 112 116 124
3 128 129 151
3 136 144 152
3 138 153 160
3 148 164 172
3 174 185 195
3 186 200 204
3 198 207 247
3 217 226 233
3 237 244 251
3 245 254 259
3 267 269 274
3 280 282 284
3 285 289 304
3 295 307 325
3 332 339 359
3 341 361 373
3 347 363 365
3 372 377 395
4 378 379 401 411
4 390 453 490 432
4 425 468 450 460
4 446 461 494 4
4 2 9 30 37
4 39 42 49 51
4 43 57 62 63
4 53 67 68 74
4 58 77 83 85
4 75 84 87 88
4 82 94 96 98
4 102 103 118 122
4 110 125 126 127
4 130 133 134 137
4 131 140 142 143
4 135 145 146 150
4 157 161 168 169
4 167 171 173 178
4 176 179 183 184
4 191 202 206 215
4 194 209 216 222
4 205 211 220 223
4 224 227 228 238
4 229 232 239 241
4 243 246 248 250
4 253 255 257 260
4 262 265 270 272
4 275 287 290 291
4 281 293 296 297
4 303 305 308 313
4 309 314 316 317
4 312 318 321 323
4 327 331 335 338
4 340 342 343 344
4 346 349 355 357
4 354 366 368 370
4 374 380 381 383
4 382 386 389 398
4 393 402 406 408
4 404 413 415 416
4 417 418 426 435
4 428 436 440 456
4 457 458 464 465
4 466 469 470 471
4 476 477 478 479
4 480 481 483 485
4 487 488 489 493
