172
2 2 28
2 4 12
2 9 33
2 30 35
2 37 482
2 39 93
2 42 165
2 43 97
2 49 190
2 51 196
2 53 197
2 57 252
2 58 286
2 62 326
2 63 333
2 67 369
2 68 420
2 74 423
2 75 441
2 77 47
2 82 1
2 83 315
2 84 300
2 85 256
2 87 21
2 88 299
2 94 14
2 96 7
2 98 306
2 102 279
2 103 334
2 110 358
2 118 322
2 122 17
2 125 86
2 126 212
2 127 154
2 130 421
2 131 454
2 133 330
2 134 189
2 135 352
2 137 141
2 140 492
2 142 414
2 143 11
2 145 72
2 146 120
2 150 73
2 157 64
2 161 156
2 167 182
2 168 170
2 169 213
2 171 158
2 173 337
2 176 266
2 178 484
2 179 301
2 183 319
2 184 495
2 191 0
2 194 52
2 202 410
2 205 166
3 206 48 486
3 209 108 264
3 211 113 5
3 215 443 240
3 216 462 225
3 220 38 387
3 222 155 219
3 223 210 439
3 224 111 71
3 227 221 268
3 228 310 117
3 229 298 405
3 232 371 10
3 238 234 6
3 239 261 31
3 241 329 99
3 243 376 452
3 246 350 391
3 248 451 105
3 250 15 360
3 253 475 218
3 255 463 18
3 257 434 203
3 260 448 159
3 262 20 311
3 265 19 193
3 270 34 431
3 272 61 324
3 275 60 438
3 281 147 3
3 287 175 430
3 290 181 356
3 291 187 8
3 293 231 214
3 296 208 149
3 297 199 163
3 303 236 24
3 305 273 188
3 308 249 201
3 309 320 242
3 312 385 437
3 313 258 396
3 314 271 23
3 316 288 473
3 317 277 90
3 318 292 123
3 321 367 384
3 323 409 294
3 327 433 55
3 331 445 177
3 335 419 498
3 338 499 302
3 340 13 65
3 342 455 472
3 343 89 235
3 344 121 162
3 346 180 192
3 349 91 276
3 354 230 362
3 355 139 399
4 357 263 412 27
4 366 278 283 25
4 368 328 345 95
4 370 336 394 70
4 374 348 353 427
4 380 364 388 56
4 381 397 422 449
4 382 400 424 114
4 383 351 403 32
4 386 375 429 59
4 389 392 16 36
4 393 407 497 41
4 398 442 40 46
4 402 22 44 69
4 404 444 66 116
4 406 467 54 80
4 408 459 76 106
4 413 447 78 81
4 415 474 29 79
4 416 26 100 104
4 417 45 107 115
4 418 50 92 109
4 426 101 112 124
4 428 119 129 144
4 435 128 153 164
4 436 132 136 195
4 440 138 151 172
4 456 148 185 200
4 457 152 204 226
4 458 160 186 207
4 464 174 217 245
4 465 233 247 284
4 466 198 254 269
4 469 237 244 251
4 470 259 267 332
4 471 274 280 341
4 476 285 289 304
4 477 282 307 372
4 478 295 339 347
4 479 325 373 411
4 480 363 395 401
4 481 359 468 483
4 485 361 378 490
4 487 365 453 488
4 489 377 460 491
4 493 379 496 390
4 425 432 450 461
