1628
2 92 5357
2 350 5121
2 420 8148
2 494 6404
2 701 421
2 722 2589
2 770 5913
2 783 5583
2 817 6255
2 1244 9906
2 1262 8785
2 1300 3629
2 1363 6584
2 1367 7710
2 1387 1737
2 1432 3987
2 1566 7529
2 1577 5231
2 1736 2094
2 1790 4386
2 1842 5796
2 2014 9487
2 2048 6735
2 2063 8197
2 2217 1756
2 2247 8754
2 2258 2584
2 2273 998
2 2404 2395
2 2593 6655
2 2609 2861
2 2684 6312
2 2971 59
2 2975 7923
2 2989 7569
2 3130 7704
2 3206 5515
2 3277 9612
2 3285 6632
2 3288 7444
2 3378 8873
2 3460 7262
2 3551 8452
2 3720 2489
2 3800 7796
2 3850 5905
2 3959 398
2 3962 8407
2 4264 820
2 4265 1729
2 4347 6459
2 4459 604
2 4543 9004
2 4603 1248
2 4722 7549
2 4748 7064
2 4934 4848
2 5000 5886
2 5004 8603
2 5112 8733
2 5139 8189
2 5270 8437
2 5291 9354
2 5385 9529
2 5630 6839
2 5762 9213
2 6271 4449
2 6276 1524
2 6399 4318
2 6552 4574
2 6712 5744
2 6775 9483
2 6795 4100
2 6874 6823
2 6906 3904
2 6987 4233
2 7039 3626
2 7144 7108
2 7169 8479
2 7189 5416
2 7291 9620
2 7446 1287
2 7469 2545
2 7552 6476
2 7641 9383
2 7708 4004
2 7774 3697
2 7810 1396
2 7908 9131
2 8005 5427
2 8069 4041
2 8169 370
2 8218 973
2 8225 2061
2 8350 847
2 8362 3015
2 8404 2155
2 8457 4644
2 8490 4863
2 8492 9247
2 8538 7792
2 8575 3135
2 8619 6668
2 8680 4631
2 8691 2222
2 8795 1492
2 8916 9618
2 8971 2752
2 9061 5363
2 9093 7168
2 9420 2687
2 9441 5570
2 9467 2843
2 9494 44
2 9517 453
2 9581 2117
2 9738 8284
2 9780 1561
2 9824 7100
2 9918 461
2 35 3505
2 102 8775
2 205 9765
2 246 1423
2 375 3295
2 551 4036
2 663 2932
2 857 8287
2 882 1385
2 929 6640
2 944 8004
2 1011 8854
2 1072 3273
2 1257 5616
2 1280 8591
2 1309 3715
2 1370 2345
2 1573 2096
2 1651 5918
2 1739 6639
2 1771 9813
2 1879 674
2 1910 3420
2 2151 1556
2 2223 5090
2 2287 7936
2 2290 666
2 2341 2331
2 2465 2935
2 2618 4695
2 2655 2598
2 2677 5251
2 2719 3825
2 2943 6762
2 2986 1677
2 3185 1081
2 3230 9959
2 3252 1114
2 3282 4147
2 3294 6756
2 3336 5001
2 3390 5592
2 3436 8384
2 3652 8689
2 3836 1388
2 3858 8119
2 4017 6196
2 4072 7525
2 4207 9818
2 4275 864
2 4276 5989
2 4432 683
2 4462 4106
2 4497 948
2 4687 6613
2 4853 3942
2 4889 5526
2 4903 9888
2 4921 8911
2 5016 8320
2 5116 4194
2 5119 4473
2 5165 5083
2 5243 5211
2 5258 9128
2 5312 3149
2 5381 5052
2 5414 7369
2 5475 8585
2 5626 936
2 5759 2459
2 5933 2819
2 6084 7515
2 6116 8777
2 6138 132
2 6221 2968
2 6267 4670
2 6327 7819
2 6383 3484
2 6408 2246
2 6433 962
2 6469 7577
2 6594 876
2 6736 7863
2 6867 8240
2 6898 8814
2 6936 7939
2 7054 2723
2 7082 7368
2 7114 752
2 7226 8837
2 7312 3457
2 7680 9256
2 7790 8991
2 8046 110
2 8074 8392
2 8092 3176
2 8102 7208
2 8120 7290
2 8207 7950
2 8249 371
2 8403 2196
2 8787 2728
2 8800 7101
2 8910 684
2 8989 8636
2 8993 281
2 9067 2212
2 9300 4808
2 9417 8641
2 9428 9267
2 9454 5791
2 9460 2499
2 9481 63
2 9567 6240
2 9725 5602
2 9850 9614
2 9953 714
2 15 2475
2 73 3656
2 155 4090
2 320 7259
2 539 1101
2 588 2064
2 655 9019
2 914 4916
2 932 5651
2 1014 1013
2 1251 9894
2 1342 3678
2 1360 7834
2 1380 839
2 1398 2548
2 1420 1491
2 1500 3024
2 1603 3765
2 1719 5048
2 2005 7945
2 2111 6170
2 2317 7198
2 2369 4405
2 2413 4961
2 2588 1004
2 2641 1115
2 2643 1071
2 2764 5945
2 2853 9965
2 2904 4685
2 2991 7937
2 3380 1233
2 3406 2124
2 3441 3302
2 3461 4579
2 3545 3272
2 3550 3795
2 3576 8152
2 3766 9986
2 3778 384
2 3831 5042
2 3955 2141
2 4241 3647
2 4493 6677
2 4601 7104
2 5062 2008
2 5186 9295
2 5319 1734
2 5477 2070
2 5587 7927
2 5590 4702
2 5620 5101
2 5629 854
2 6139 7135
2 6159 6782
2 6325 5773
2 6418 1707
2 6431 6495
2 6475 2115
2 6696 4430
2 6722 8058
2 6980 1164
2 7021 336
2 7034 2080
2 7133 1214
2 7338 4957
2 7448 5046
2 7452 7201
2 7589 7540
2 7650 443
2 7941 2558
2 8050 4788
2 8096 2922
2 8191 4917
2 8192 5214
2 8280 7409
2 8514 8639
2 8520 1341
2 8825 7896
2 8840 8063
2 8914 3499
2 9116 5653
2 9125 49
2 9169 7825
2 9287 976
2 9308 6702
2 9353 7961
2 9381 7202
2 9388 1830
2 9607 1146
2 9923 4886
2 9998 4964
2 99 6381
2 429 9307
2 440 3463
2 563 6176
2 743 7313
2 1112 4509
2 1245 9568
2 1247 818
2 1463 82
2 1468 4983
2 1493 3792
2 1641 5295
2 1792 6107
2 1795 8612
2 1828 3047
2 2017 7757
2 2455 7595
2 2507 5772
2 2519 3940
2 2581 3607
2 2638 4135
2 2945 4874
2 3081 5982
2 3197 2727
2 3377 3096
2 3384 2228
2 3387 2274
2 3533 8338
2 3535 9305
2 3571 5713
2 3603 3896
2 3682 2964
2 3742 6252
2 3931 636
2 4008 1353
2 4084 3228
2 4114 3566
2 4536 1210
2 4541 4322
2 4576 3309
2 4589 7136
2 4593 8485
2 4743 8608
2 4968 887
2 4998 5310
2 5202 1851
2 5221 7305
2 5228 3293
2 5440 4240
2 5552 7543
2 5618 6168
2 5634 71
2 5857 4406
2 5999 4925
2 6043 6550
2 6103 8322
2 6236 7516
2 6360 9433
2 6503 1988
2 6710 1203
2 6878 6935
2 6991 8745
2 7035 9129
2 7113 7551
2 7182 9866
2 7323 1671
2 7348 4940
2 7450 1955
2 7597 7145
2 7705 5625
2 7811 9795
2 7933 7
2 8029 4185
2 8054 1812
2 8121 9527
2 8512 8116
2 8666 3437
2 8765 4141
2 8959 5383
2 9127 47
2 9228 4131
2 9290 5219
2 9704 7579
2 9740 594
2 9898 1322
2 9939 1450
2 52 3114
2 116 2456
2 135 7326
2 266 9552
2 368 8465
2 470 8851
2 524 4167
2 528 2259
2 569 4235
2 680 4637
2 713 9
2 927 7359
2 1025 3042
2 1104 3142
2 1108 1094
2 1123 766
2 1236 1713
2 1274 1742
2 1343 7231
2 1457 4655
2 1662 5006
2 1748 5652
2 1752 1934
2 1757 3686
2 1776 7583
2 1893 9690
2 1938 9539
2 1940 532
2 1950 2686
2 2132 5873
2 2286 4561
2 2640 2962
2 2721 7715
2 2778 4074
2 2832 5494
2 2871 9525
2 3198 3844
2 3435 4657
2 3525 8803
2 3572 3072
2 3732 727
2 3751 9263
2 3755 2481
2 3876 8553
2 4111 723
2 4130 1050
2 4145 4847
2 4310 1895
2 4418 7083
2 4580 4112
2 4680 6129
2 4686 4475
2 4749 6957
2 4759 2759
2 4812 3357
2 5069 4102
2 5394 7447
2 5403 8250
2 5597 8387
2 5684 9235
2 5818 9532
2 5878 62
2 5937 9917
2 5971 2982
2 6048 4374
2 6086 7088
2 6182 2293
2 6190 2736
2 6217 7196
2 6251 8736
2 6295 3519
2 6303 8332
2 6369 1946
2 6461 954
2 6658 213
2 6855 3196
2 7029 7032
2 7203 7308
2 7379 7648
2 7396 8375
2 7575 859
2 7738 4320
2 8217 8010
2 8226 9196
2 8271 9946
2 8300 1591
2 8416 2045
2 8445 5163
3 8481 6547 9063
3 8574 1418 2342
3 8587 1724 5904
3 8649 2726 9119
3 8678 4076 3337
3 8974 5777 8193
3 9113 6882 4619
3 9132 2060 2340
3 9317 6611 2652
3 9334 7725 3689
3 9395 8767 6178
3 9445 850 992
3 9477 1568 4402
3 9537 9106 1433
3 9708 5172 4638
3 9782 2544 9966
3 9796 3155 4490
3 9817 8644 586
3 9947 4912 4995
3 9967 1621 9576
3 9992 2642 5729
3 167 6558 3648
3 223 3170 3672
3 724 9747 2085
3 989 2749 120
3 1033 3775 6534
3 1185 201 3542
3 1241 3757 8478
3 1310 8626 9344
3 1408 3781 2828
3 1448 5686 6913
3 1617 7494 3257
3 1676 6038 5931
3 1772 7451 4139
3 1901 7851 6571
3 2760 8601 8138
3 2767 7643 774
3 2845 4550 7464
3 3094 6567 9542
3 3100 7148 403
3 3116 8397 3593
3 3152 2628 7814
3 3215 3889 2870
3 3245 5156 2323
3 3287 1763 3112
3 3393 7545 3475
3 3459 8186 2795
3 3642 328 6134
3 3815 676 2862
3 3829 4244 2213
3 3868 4150 2308
3 3908 9302 18
3 3970 3376 1383
3 4039 4058 6467
3 4086 6537 6927
3 4159 7862 7079
3 4180 2300 58
3 4349 8997 8267
3 4755 9151 8242
3 4760 9275 5081
3 4864 9713 8187
3 4999 4959 9559
3 5092 8865 3869
3 5447 2036 2814
3 5486 4390 3451
3 5555 4044 3708
3 5560 5366 8259
3 5826 7316 6171
3 6066 8233 9900
3 6200 3840 9528
3 6523 8115 2123
3 6597 4480 7166
3 6909 1711 8506
3 6916 5609 6147
3 7107 7445 2160
3 7160 7703 9243
3 7358 446 5096
3 7376 778 1160
3 7378 3842 2305
3 7455 5845 1936
3 7477 7673 9873
3 7503 8616 3583
3 8024 8849 3526
3 8041 8079 2243
3 8157 9320 1049
3 8188 11 9605
3 8255 1839 8094
3 8428 2267 7267
3 8764 654 5540
3 8953 245 6123
3 9012 1136 1509
3 9040 2313 3126
3 9112 4837 1552
3 9147 8101 8167
3 9351 8430 333
3 9412 2023 6359
3 9455 3913 2985
3 9480 6050 9921
3 9640 5359 7953
3 9666 7944 9374
3 9808 9514 7726
3 9878 3950 7522
3 9916 4284 373
3 9949 5136 8509
3 9979 5324 2282
3 9980 687 6300
3 259 2944 8286
3 344 5854 65
3 495 4551 6580
3 506 7385 3253
3 625 8036 7466
3 779 2920 2674
3 1017 4902 6777
3 1169 7008 706
3 1379 1767 3745
3 1428 2535 9784
3 1434 3106 8367
3 1455 4498 6842
3 1769 1231 1845
3 1844 5209 9289
3 2145 3618 8348
3 2366 3632 2203
3 2637 3899 2817
3 2735 6481 9722
3 2753 1427 4690
3 3032 7922 7026
3 3056 9340 5600
3 3148 5665 463
3 3319 9856 177
3 3430 6060 8563
3 3490 2718 9283
3 3699 6985 4516
3 3826 6989 9732
3 3957 8701 7756
3 3960 7700 7050
3 4015 9942 2941
3 4024 593 8721
3 4051 2994 4151
3 4081 3002 7212
3 4152 5622 780
3 4181 8026 7920
3 4199 1359 9649
3 4253 3083 8834
3 4342 4965 6313
3 4350 5919 9111
3 4396 8346 8047
3 4606 1996 2572
3 4872 1096 6638
3 4897 6582 3229
3 4941 8697 6329
3 5033 1357 1372
3 5050 9691 8253
3 5405 1817 9778
3 5650 2619 6477
3 5893 9252 522
3 5984 1085 2364
3 6004 745 4951
3 6241 1336 103
3 6820 2571 7209
3 6872 3485 9366
3 6970 4137 9443
3 7053 5962 565
3 7244 717 9751
3 7317 2009 6316
3 7328 4582 9779
3 7456 6363 4351
3 8048 2802 67
3 8279 3356 4352
3 8467 8839 1861
3 8483 709 2112
3 8693 251 3368
3 8782 6602 8477
3 8887 2647 9365
3 8892 6426 7629
3 8905 2351 6
3 9053 5891 9123
3 9396 5909 2905
3 9509 8811 8751
3 9783 3443 9325
3 9940 7119 7330
3 36 6994 9154
3 125 8199 5492
3 971 257 4293
3 981 645 3089
3 1019 1340 4259
3 1089 5793 3214
3 1144 9124 1202
3 1314 171 7671
3 1325 214 8614
3 1456 1976 3496
3 1458 2536 7911
3 1730 332 7981
3 1785 1510 2162
3 1855 2095 8947
3 2069 1787 7489
3 2302 3379 4134
3 2445 4884 60
3 2491 6415 1701
3 2644 9585 9806
3 2679 1344 4357
3 2780 4477 8003
3 2844 9629 5593
3 2865 9546 9363
3 2869 3062 877
3 2923 3308 5239
3 3093 188 5330
3 3151 1820 1717
3 3388 1001 8923
3 3404 2957 9930
3 3556 4557 9974
3 3589 4867 9968
3 3627 6666 5544
3 3701 8200 750
3 3711 8163 5244
3 3921 8501 4222
3 3979 5149 8529
3 4125 6914 5332
3 4166 9511 7613
3 4304 8835 1740
3 4364 5518 4727
3 4454 1975 7391
3 4471 5236 7057
3 4590 5733 1351
3 4654 7934 8779
3 4799 6956 6297
3 4905 1505 8040
3 5109 4711 1249
3 5230 6342 1883
3 5354 5991 296
3 5374 321 8658
3 5390 1564 4977
3 5565 1800 4572
3 5571 2776 3120
3 5654 8651 1364
3 5673 9545 9426
3 5735 924 9166
3 5976 3730 7677
3 6061 2575 7415
3 6067 3750 9962
3 6194 4331 1965
3 6386 4696 8431
3 6422 6188 7153
3 6588 7439 7344
3 6758 2245 5529
3 6793 5758 3473
3 6802 5970 7210
3 7304 791 5131
3 7722 1522 9419
3 7754 1747 8990
3 7784 7647 1743
3 7816 8915 9341
3 7837 2509 2043
3 8243 3579 2573
3 8301 4161 9550
3 8515 4717 5808
3 8622 4415 5488
3 8706 5028 2265
3 8843 7699 5683
3 8949 8168 8056
3 9109 8449 7972
3 9191 5835 3087
3 9279 6738 9271
3 9310 8579 6616
3 9422 767 1061
3 9442 96 6419
3 9452 5074 8418
3 9510 1714 3655
3 9541 5728 8548
3 9731 6042 55
3 9758 7824 6627
3 9809 301 3834
3 9997 9397 902
3 276 1673 3845
3 339 6273 631
3 518 7250 1508
3 702 8866 264
3 718 9569 8470
3 747 1200 797
3 841 1523 3306
3 897 2952 5155
3 994 5720 4870
3 1048 3830 6742
3 1067 6144 4367
3 1255 8607 773
3 1365 385 6309
3 1721 1178 1636
3 1913 197 2809
3 1926 3223 9566
3 2037 1889 8625
3 2040 7524 6410
3 2078 9626 8659
3 2090 2089 3978
3 2130 9853 7567
3 2276 5553 7748
3 2458 3167 9797
3 2667 6226 4960
3 2670 8487 2055
3 2714 407 9572
3 2815 8702 6192
3 2851 3137 6377
3 2938 6336 4079
3 2965 9048 3271
3 2973 8132 1476
3 2984 1810 1948
3 3160 3905 4600
3 3190 5375 2612
3 3200 5864 8183
3 3236 7155 4861
3 3359 7436 3673
3 3462 9250 278
3 3709 730 4649
3 3713 3557 5610
3 3779 2486 9689
3 4068 1998 6384
3 4201 1228 6058
3 4303 3791 8671
3 4338 3870 875
3 4348 4524 9952
3 4499 9718 4043
3 4597 4200 2353
3 4673 6769 5170
3 4745 283 6198
3 4869 3001 5308
3 4927 6028 9746
3 5143 6747 8940
3 5344 8707 9843
3 5348 9265 7253
3 5695 1429 8677
3 5704 3 8297
3 5871 1912 7443
3 5930 3857 3944
3 6013 5476 7302
3 6071 85 3367
3 6091 9871 6662
3 6092 1483 2912
3 6204 6010 1853
3 6207 432 4532
3 6322 9078 9755
3 6608 8172 6012
3 6667 2000 7412
3 6732 3997 8670
3 6877 1140 5207
3 7027 8204 6578
3 7070 9507 7118
3 7084 263 6146
3 7242 836 8453
3 7411 884 3278
3 7538 915 7095
3 7609 1040 6320
3 7630 1587 5203
3 7701 4179 4527
3 7762 7880 5803
3 7765 4706 8442
3 8184 1720 513
3 8315 2927 3028
3 8385 4469 4607
3 8427 6483 1708
3 8627 6981 7696
3 8705 7103 6110
3 8769 8683 3022
3 8943 3728 8964
3 8973 995 464
3 9049 3885 2585
3 9058 5849 9695
3 9064 7978 1378
3 9288 634 7617
3 9402 1224 8929
3 9472 1821 4474
3 9518 3508 4871
3 9827 7618 5174
3 9831 7319 7861
3 9897 6757 6444
3 9925 1037 1542
3 109 1253 1526
3 330 2877 3877
3 387 3518 4565
3 397 4617 4883
3 426 7296 9359
3 454 6370 3561
3 479 7603 8750
3 497 8722 8895
3 665 1073 1681
3 707 3037 5197
3 721 3736 3375
3 843 4307 1684
3 1028 8932 9908
3 1126 6498 3362
3 1215 1923 1484
3 1239 1117 8692
3 1394 2939 7759
3 1425 3248 7536
3 1520 4786 2627
3 1674 5785 7870
3 1896 9464 137
3 2004 559 5902
3 2015 1116 8524
3 2031 1152 6367
3 2032 1154 5462
3 2053 2937 8328
3 2158 4038 5823
3 2187 4439 1571
3 2197 9599 8874
3 2338 2488 4521
3 2446 520 5278
3 2524 4361 8956
3 2613 3892 2798
3 2654 3511 9197
3 2675 9880 8466
3 2777 6296 6965
3 2791 4292 4975
3 2822 3853 916
3 2914 2592 970
3 3036 7823 1833
3 3071 7678 5441
3 3103 8637 7178
3 3162 3055 5341
3 3456 1261 3544
3 3520 5547 172
3 3659 3107 6231
3 3723 5839 6656
3 3872 7041 56
3 3946 9769 6938
3 3974 9849 4668
3 3999 17 4946
3 4003 174 5705
3 4250 1361 9984
3 4395 1712 5941
3 4420 2566 3769
3 4460 2600 6577
3 4586 7463 6605
3 4862 6220 9961
3 5103 8527 2368
3 5288 9907 9014
3 5434 9425 1726
3 5605 2185 9350
3 5679 5378 5503
3 5737 5998 6389
3 5738 7255 451
3 5780 529 7238
3 5843 760 7130
3 5846 846 8931
3 5855 7215 145
3 5858 5548 6856
3 6164 10 923
3 6515 3050 7740
3 6729 4604 1122
3 6768 5250 1765
3 6954 6715 8516
3 7073 7363 2716
3 7193 297 688
3 7325 738 3134
3 7619 844 5151
3 7720 1234 8363
3 7763 1430 9092
3 7930 1570 5649
3 7976 2106 6583
3 8025 3516 3746
3 8033 3969 9741
3 8285 4731 4663
3 8402 5563 2165
3 8544 5446 1601
3 8664 525 912
3 8723 208 5325
3 8937 5271 1827
3 9170 6752 5118
3 9476 8714 4093
3 9707 9168 6205
3 9753 1487 6526
3 286 556 139
3 488 2766 3540
3 535 1197 9597
3 543 5579 7218
3 861 6266 926
3 913 6540 1963
3 1069 6364 7558
3 1232 7624 8239
3 1312 7778 9895
3 1486 164 2221
3 1637 2407 9182
3 1680 3104 7149
3 1900 6133 6396
3 2099 9121 9161
3 2350 117 4627
3 2387 2007 6451
3 2542 2295 5017
3 2606 2649 8161
3 2855 3258 1589
3 2868 4491 6052
3 2893 4990 9214
3 2894 7518 3674
3 2992 8081 5013
3 3067 8673 4230
3 3143 8833 8044
3 3180 9450 2484
3 3232 1648 5007
3 3264 5948 628
3 3342 2804 9390
3 3733 211 7499
3 3740 5574 8650
3 3770 8059 8824
3 4067 5627 2309
3 4302 5899 7839
3 4378 9246 9594
3 4624 480 7983
3 4730 2879 2848
3 4744 3691 5875
3 4831 4126 9490
3 4849 5056 7152
3 5071 6149 6102
3 5114 7346 8293
3 5204 7692 1015
3 5248 87 2590
3 5307 8198 2836
3 5334 642 8617
3 5372 2127 7278
3 5500 1010 7204
3 5507 2555 656
3 5572 1825 9135
3 5761 6680 6157
3 5805 3029 9719
3 6041 3276 7318
3 6555 6623 3828
3 6863 3932 1847
3 6879 8247 8609
3 6895 2125 6721
3 6908 2811 6036
3 7285 3608 1876
3 7428 5879 7752
3 7505 6215 9471
3 7562 6645 9588
3 7572 7151 9776
3 7582 8305 7954
3 7687 8653 2516
3 7867 178 206
3 8125 289 3239
3 8234 597 900
3 8295 1735 4671
3 8352 1866 28
3 8378 2872 4555
4 8484 6731 5824 9580
4 8580 3973 8606 1856
4 8790 1620 5487 9286
4 8921 1943 6256 4170
4 9389 3480 4859 3692
4 9461 9414 4650 6193
4 9531 5513 2538 931
4 9598 3677 1056 1464
4 9653 1159 2697 7375
4 317 8652 6685 9852
4 442 590 6350 8134
4 548 1393 4522 8434
4 661 1311 9499 7888
4 679 2226 5981 3891
4 694 6703 124 9276
4 969 5815 9382 6152
4 1121 1632 6206 7764
4 1242 1819 8537 5061
4 1630 8578 834 8258
4 1816 3527 1260 3092
4 1906 4573 5559 3895
4 1921 3808 1205 4496
4 2027 1129 6531 307
4 2135 2999 3132 151
4 2321 4792 6984 142
4 2322 5058 2190 7105
4 2440 6111 9637 1874
4 2478 1877 4997 1718
4 2497 1994 7475 9241
4 3010 2732 9407 9238
4 3139 4054 6443 3980
4 3182 6741 8468 7875
4 3433 53 6053 4725
4 3604 5094 1642 8342
4 3725 4933 236 7777
4 3986 290 7542 3573
4 4021 8684 9748 7406
4 4029 589 1888 8967
4 4383 1562 6228 1884
4 4401 2705 4611 9165
4 4585 4055 4857 9602
4 4815 9799 4091 5371
4 4908 7734 7610 7512
4 4909 2091 4875 3297
4 5301 4814 8035 6676
4 5318 2428 540 9326
4 5408 6306 7361 4636
4 5502 7413 9675 253
4 5567 1704 7884 6849
4 6001 4442 4865 5710
4 6032 4661 7659 3912
4 6165 5418 4692 3558
4 6211 9714 9864 9761
4 6238 9730 2490 4592
4 6397 4774 7219 2254
4 6449 6628 6932 7993
4 6786 6651 8032 2765
4 6978 8907 1837 6557
4 7044 9530 7286 5644
4 7161 1445 4381 9376
4 7199 2020 3839 3924
4 7282 4703 4989 6155
4 7435 2241 5035 1282
4 7437 362 735 7090
4 7806 648 4926 5794
4 7874 2854 6365 7003
4 7974 4066 4363 4716
4 8088 5235 6827 7526
4 8216 5044 898 9976
4 8482 5517 2400 7733
4 8489 1440 8423 2565
4 8589 2887 6733 8176
4 8621 3654 5671 9016
4 8630 3802 7841 1595
4 8674 3945 4656 4506
4 8802 4187 2461 3422
4 8884 6326 4904 1598
4 8976 7662 7594 3531
4 9056 8123 6366 3553
4 9202 9523 1023 4412
4 9306 9896 3498 534
4 9335 4771 4089 9922
4 9497 5020 4064 1406
4 9683 7074 4410 5916
4 9688 3567 6289 5389
4 9756 2806 9453 7382
4 9790 6380 9650 6794
4 9924 6976 358 4559
4 79 8241 1467 8432
4 90 1339 7374 5530
4 104 2006 8597 2081
4 166 4773 5474 147
4 560 2457 8333 1332
4 647 6673 7037 3906
4 758 1533 7356 689
4 852 2320 1723 7683
4 933 5205 9368 960
4 1051 6436 5336 9988
4 1098 5355 1422 6528
4 1125 7432 2375 1471
4 1417 9220 210 9848
4 1446 404 6800 6076
4 1560 2783 6988 3145
4 1643 3760 4879 8861
4 1797 5898 4495 6857
4 1991 9456 6778 4766
4 2034 7914 1609 4375
4 2119 33 1584 4478
4 2263 489 8019 4639
4 2374 622 5086 6490
4 2394 6361 5178 7785
4 2414 2907 8715 8889
4 2482 146 5633 3704
4 2534 909 5551 3718
4 2547 3323 2389 2401
4 2625 4720 9684 3595
4 2755 5457 5489 9879
4 2768 6514 2462 3244
4 2816 7821 4011 9468
4 2880 8376 5869 8894
4 3065 2381 1021 4452
4 3231 8938 7534 3582
4 3304 7419 737 2874
4 3351 7768 3914 8648
4 3421 7426 9726 6784
4 3726 7818 8898 8954
4 3920 8153 7230 3882
4 3998 7943 9561 7530
4 4162 9043 7249 1529
4 4168 3617 8150 3559
4 4295 2398 9703 396
4 4366 5856 7175 2260
4 4472 7310 2129 6208
4 4476 8043 3352 9971
4 4485 9192 9072 8712
4 4587 9361 1930 3983
4 4652 6016 7592 3299
4 4805 6340 7917 5901
4 4836 8823 4057 635
4 4970 8845 4026 3966
4 5031 150 8679 6834
4 5089 1512 198 8325
4 5320 1922 5467 3339
4 5445 3153 39 7770
4 5468 5776 9222 5832
4 5506 4953 8299 7990
4 5645 6585 1952 5085
4 5667 6870 2191 835
4 5987 9631 5461 9122
4 6362 3371 8425 6202
4 6465 5255 7116 5615
4 6502 5380 7013 7809
4 6626 5865 6466 804
4 6717 5920 9143 1090
4 6813 1886 3188 6649
4 6896 3749 7010 4704
4 7280 3985 4823 32
4 7366 4467 512 9667
4 7449 4202 4907 9183
4 7497 5522 8746 7454
4 7601 9429 5724 6243
4 7714 359 5556 9802
4 7769 947 9734 7956
4 7940 3075 5531 8519
4 8071 7596 9549 2134
4 8262 7966 8238 6184
4 8324 8682 9062 9221
4 8339 1822 3136 4124
4 8394 1507 45 3564
4 8414 711 9606 149
4 8444 3129 9091 4016
4 8710 6724 2277 6700
4 8847 7480 678 4887
4 8869 7689 5908 6873
4 8917 9828 170 3641
4 8926 1761 6421 6637
4 9077 1347 2924 5451
4 9466 3011 1100 8263
4 9630 3428 300 3991
4 9697 4640 5896 2343
4 84 3811 7221 7220
4 474 9868 2707 5566
4 547 2167 1256 3322
4 599 2148 6705 6574
4 830 4208 5756 8752
4 879 7186 4514 7731
4 946 7876 8276 313
4 951 9173 2024 6160
4 980 0 6811 6203
4 1397 7970 8196 7964
4 1472 3694 2467 8264
4 1710 849 5047 6553
4 1760 1382 5584 6446
4 1863 4465 611 4949
4 1875 6264 8632 9096
4 1914 471 3020 2198
4 1916 3121 9459 6015
4 2093 2278 5954 3724
4 2261 6248 6681 9573
4 2284 5164 5166 5939
4 2315 8562 2672 5277
4 2403 1047 9996 8908
4 2496 1908 4335 7984
4 2710 2495 8517 7425
4 2738 4708 6522 6596
4 2742 6659 9978 7424
4 2926 1157 1199 1044
4 2995 6903 1174 2983
4 3098 8027 1181 7975
4 3166 9752 9987 4992
4 3183 4659 5657 8133
4 3548 6726 2367 6942
4 3601 7386 9299 9328
4 3609 9583 1179 562
4 3631 9891 5040 541
4 3661 1569 5240 8711
4 3706 2875 4215 6648
4 3767 3681 3226 9068
4 3886 3818 708 6719
4 3900 4340 1411 3412
4 3967 5947 7384 8801
4 3989 5860 5836 1593
4 4049 433 1106 1668
4 4073 2337 3127 7727
4 4118 9210 3203 1616
4 4261 5362 5173 5721
4 4385 4511 8222 2506
4 4626 5449 5763 355
4 4719 6112 7509 9721
4 4751 6017 1381 8160
4 4776 9633 9038 8863
4 4974 3517 6022 4286
4 5226 2062 7521 3031
4 5326 4790 5536 6351
4 5459 8143 9836 6280
4 5623 514 1840 7500
4 5932 825 6478 8210
4 5955 3563 4456 1400
4 5975 2702 4419 8696
4 6214 3894 5813 204
4 6287 6246 8667 2159
4 6292 2025 4052 8202
4 6883 2296 889 5730
4 6997 2601 6492 5157
4 7191 4206 8413 4359
4 7234 5496 8828 465
4 7468 8864 7877 3972
4 7519 7555 968 9486
4 7537 1751 5198 8139
4 7563 608 8977 2329
4 7685 1768 8336 2954
4 7846 2120 7751 9935
4 7860 3105 8810 6864
4 7947 4958 4188 4742
4 8126 6713 5872 4092
4 8178 70 4801 3809
4 8358 1535 4228 3926
4 8369 1012 6275 4943
4 8386 1409 240 8031
4 8885 3330 8919 456
4 9034 2437 234 1843
4 9071 3596 9920 620
4 9103 6051 5368 8006
4 9657 9995 7397 1640
4 9760 8876 8089 9028
4 9801 530 1321 4858
4 29 919 955 4000
4 100 2578 7633 8137
4 113 2033 9198 9600
4 231 3004 9269 6008
4 351 3235 270 136
4 445 6263 1330 2604
4 490 3657 131 4046
4 501 9418 8215 5986
4 580 6960 430 1036
4 584 431 1062 3311
4 692 2746 9187 5208
4 710 5082 9519 3939
4 751 5606 5751 1750
4 790 6576 7614 7924
4 1204 8454 9716 1939
4 1246 7729 500 2661
4 1272 9768 2786 4942
4 1657 97 6097 4301
4 1894 372 439 3956
4 1997 978 9699 885
4 2041 2762 2072 8447
4 2113 2193 6964 7995
4 2114 2949 9201 4534
4 2189 9332 1980 6003
4 2256 6698 6161 9767
4 2438 9446 8401 2694
4 2576 1744 2632 7663
4 2616 4796 9431 2514
4 3040 673 5191 2772
4 3113 2977 1519 6835
4 3140 1259 9086 4221
4 3163 6761 6824 9656
4 3429 6890 6565 5482
4 3468 7170 2713 9584
4 3592 1475 7407 9413
4 3650 9538 2102 3212
4 3982 1796 5245 4635
4 4210 3590 2595 9075
4 4225 4798 9944 3280
4 4268 6844 8180 3370
4 4324 7991 9398 8822
4 4336 7457 956 6137
4 4481 24 3060 8435
4 4779 183 1649 7461
4 4784 1318 2074 1694
4 4947 1961 3793 2953
4 5433 4104 8383 37
4 5564 6352 6121 6197
4 5687 2399 2207 8568
4 5711 8252 4502 8037
4 5716 8326 4777 5994
4 5775 86 5752 9855
4 5784 1279 4238 5732
4 5827 3344 9083 2891
4 6299 5666 4387 6450
4 6317 6463 7895 6809
4 6335 7674 2881 1546
4 6346 7800 7881 6959
4 6424 6887 7586 7320
4 6437 457 4839 487
4 6464 8859 1983 3364
4 6486 2297 3822 7724
4 6568 4783 6302 3543
4 6861 7471 4595 9137
4 6926 7554 1538 7812
4 6951 9036 6963 8314
4 6995 458 1755 9215
4 7188 602 8900 5168
4 7354 756 4358 1371
4 7598 4248 4596 4116
4 7707 4400 2903 9838
4 7747 5897 7362 2144
4 7912 7357 4434 9047
4 8051 6972 2149 462
4 8057 7410 6915 1536
4 8182 8815 2596 4399
4 8317 9009 7387 8766
4 8448 335 392 2210
4 8460 2608 9094 8353
4 8488 3052 3875 8930
4 8531 3141 2785 9114
4 8656 3951 7094 1678
4 8704 5024 6311 6332
4 8799 6471 4339 2741
4 8841 7206 9035 2028
4 8909 8093 4504 6818
4 8920 221 3789 5066
4 9001 801 3347 9659
4 9167 2610 6506 9564
4 9268 2956 40 4069
4 9277 3021 6353 9578
4 9373 8486 7602 1453
4 9676 1688 2892 7078
4 9739 1161 2859 3887
4 9915 2837 2412 8022
4 9937 3651 7850 168
4 9938 4994 802 4736
4 46 5628 4982 4097
4 212 6127 4877 842
4 243 6448 2469 6175
4 460 6925 5233 6232
4 664 7889 840 644
4 787 31 2059 9820
4 905 6148 8663 9709
4 1034 725 1009 7557
4 1175 5181 7859 325
4 1419 1426 2307 7960
4 1600 502 5106 7632
4 1659 739 8028 9394
4 1697 1778 6229 9678
4 1779 2683 6944 639
4 1784 2685 7959 4688
4 2434 4291 8438 5128
4 2441 5125 511 1869
4 2487 6328 152 4567
4 2493 7694 393 9993
4 2501 8543 2101 2169
4 2539 9651 78 9489
4 2559 343 615 8804
4 2639 8737 3318 613
4 2682 402 3012 4488
4 3805 1220 1959 7971
4 3814 3841 4689 848
4 4061 4549 9015 8426
4 4071 5817 8576 229
4 4190 6699 7395 1165
4 4204 6725 1043 6034
4 4278 9223 9540 5959
4 4362 9595 7742 8950
4 4772 2950 68 34
4 4785 4787 5631 5190
4 4824 5719 5882 2242
4 5154 5558 9227 20
4 5425 6473 3679 2388
4 5490 793 5676 1377
4 5656 5422 3743 8097
4 5707 4031 726 4826
4 5988 4099 1979 640
4 6047 7423 2472 9957
4 6333 7803 8643 4855
4 6385 8256 8903 1167
4 6394 953 3123 3555
4 6601 1080 7631 7176
4 6657 1807 4880 6746
4 6893 3903 7314 5881
4 7004 6315 6952 7994
4 7012 7697 13 252
4 7056 7532 413 4723
4 7141 305 1892 7132
4 7181 579 1590 9887
4 7205 1270 8398 6452
4 7297 467 5443 6005
4 7331 3515 76 8629
4 7472 3698 4969 5850
4 7482 5731 153 346
4 7506 6225 477 3509
4 7560 7430 7581 9475
4 7612 9892 740 4451
4 7767 860 1502 2137
4 7904 2002 7666 2164
4 7926 2669 5212 4554
4 7952 2215 2304 4298
4 8072 3396 8571 6357
4 8149 4811 5951 6189
4 8341 4047 6922 3621
4 8476 9274 7826 1369
4 8480 57 6046 4249
4 9110 2929 4750 7713
4 9315 3665 4078 6095
4 9378 4173 5863 649
4 9515 4267 293 3246
4 9654 6291 6479 5161
4 9757 5950 6674 5829
4 9845 6563 2019 6210
4 9919 7496 1586 937
4 334 9280 193 5026
4 354 414 2527 5146
4 416 395 4245 4679
4 705 1549 2358 3449
4 731 2232 3233 3146
4 813 1953 2898 7252
4 853 2432 4155 83
4 873 2629 3581 7951
4 925 4246 4279 4922
4 1193 7036 5346 1276
4 1362 7906 9524 1416
4 1390 8212 949 3902
4 1449 2799 4662 3261
4 1482 9337 3761 8456
4 1702 6104 554 568
4 1715 7024 1084 1286
4 1746 6544 2634 2824
4 1780 6740 2751 7813
4 1791 7565 1650 8821
4 1823 7804 9065 1194
4 1927 8206 9830 2533
4 2177 868 1504 2531
4 2429 8986 4311 3748
4 2430 3504 3838 4030
4 2494 3161 6244 2668
4 2708 3482 7194 3930
4 2761 4314 5895 9234
4 2830 4747 9157 4856
4 2833 9313 9526 6270
4 2867 23 5200 2047
4 3005 444 4653 2303
4 3013 16 1793 4767
4 4083 1516 4537 9333
4 4101 3263 3773 8498
4 4282 2529 3806 5714
4 4391 6630 1032 1514
4 4448 5387 7653 1118
4 4765 3431 7743 1031
4 4803 7197 8675 1250
4 4984 7236 1532 1452
4 5065 8229 9105 4328
4 5087 9294 6294 7018
4 5283 9543 6664 5672
4 5392 982 4501 1296
4 5484 1527 3911 8440
4 5525 4176 7490 7963
4 5541 3332 5401 8277
4 5659 3174 2442 5237
4 5708 4398 9692 4841
4 5743 6258 8965 5834
4 5821 9458 9488 4713
4 5927 9496 675 3880
4 6140 9635 1201 7150
4 6218 9810 4892 8355
4 6349 1891 4623 2671
4 6532 1986 4001 6920
4 6587 3316 4578 9958
4 6847 4914 6245 499
4 6889 6612 2264 9260
4 7006 8642 9551 3407
4 7126 8201 5373 6693
4 7269 6828 1618 8179
4 7277 7559 3824 6569
4 7294 9680 1027 858
4 7355 8952 6494 4144
4 7520 1606 2143 8729
4 7691 2422 4898 3125
4 8018 2712 8727 9002
4 8042 3513 6430 365
4 8060 4935 5175 6744
4 8066 5059 6962 5043
4 8175 5199 5980 6093
4 8208 6510 8289 4164
4 8281 6822 9085 2328
4 8288 6852 225 9022
4 8349 8654 3099 4447
4 8357 9711 4605 8808
4 8690 9251 4775 123
4 8718 459 8067 8235
4 9033 3747 7761 9181
4 9133 5641 8177 7418
4 9163 7622 9858 7828
4 9358 5769 8918 30
4 9705 9149 3147 4407
4 9956 115 5400 3274
4 345 4095 7237 1058
4 366 3570 8897 1669
4 592 5097 8981 2335
4 685 6604 7957 1898
4 732 9272 185 6600
4 755 8593 7600 4156
4 941 1806 1951 3547
4 1007 9655 6118 9985
4 1281 2402 4562 8382
4 1293 6130 6846 2235
4 1356 9611 2570 3355
4 1660 8567 576 6669
4 1759 9624 4558 6766
4 1798 94 1978 8756
4 2073 7849 6002 4840
4 2182 1110 1132 6993
4 2615 1865 5098 6851
4 2648 4482 6126 7085
4 2737 2946 5471 6727
4 2787 5831 7721 9073
4 2896 6323 6398 2220
4 2958 6590 8978 7273
4 2960 7190 8472 8340
4 3034 8108 4197 6899
4 3238 7048 4325 4546
4 3317 1639 2046 2205
4 3397 2240 2466 3587
4 3465 5442 7899 9927
4 3514 4694 6472 7616
4 3653 6078 6090 7315
4 3764 5077 7127 7665
4 4129 7247 8753 9338
4 4382 8388 896 1754
4 4431 8393 473 5944
4 4615 9771 1835 5812
4 4647 7868 4489 5505
4 4778 1288 5019 9613
4 4800 8806 2591 8572
4 4878 2582 6711 7329
4 5144 2333 7634 516
4 5402 3078 4804 9859
4 5438 3615 3883 8129
4 5520 5041 6304 7805
4 5524 6223 2216 5323
4 5647 6524 8372 8734
4 5669 7693 3506 6774
4 6115 9745 160 2730
4 6172 899 2911 6356
4 6298 1266 1848 143
4 6376 1271 1774 6560
4 6439 2294 1212 3878
4 6489 2105 8640 4172
4 6575 4564 22 1313
4 6589 101 1137 1192
4 6598 7460 419 6739
4 6779 1849 2234 2549
4 6816 3265 3324 3884
4 6884 5140 5189 6803
4 6911 5460 6697 9013
